-9.804345927625767e-24 2.1862734683072396 3.72238612055281e-25 5.327866121897032
3.3442173413058388e-22 0.9553191852825537 3.8907108308172815e-22 4.096911838872347
-1.3426290024187837e-19 4.096911838872347 -7.067444886143707e-20 5.327866121897033
-3.672730806109645e-17 5.327866121897032 -3.194965842677797e-17 4.096911838872347
5.03272164900329e-24 0.9553191852825537 -1.7478920252955189e-23 2.1862734683072396
-2.2598676243600183e-16 5.327866121897035 -1.22761780410405e-16 2.1862734683072382
-5.2178625418148584e-18 5.327866121897033 1.4378898165597297e-17 2.186273468307239
2.4063265320343047e-17 2.186273468307239 1.8191879843389084e-17 5.327866121897032
7.158202512874043e-21 4.096911838872347 1.9956649123540277e-21 5.327866121897032
1.982470008334743e-21 5.327866121897032 4.5826279302467964e-20 2.1862734683072396
7.112279498291381e-24 4.096911838872346 -2.238973025760411e-24 5.327866121897032
-4.31992262491736e-17 4.0969118388723516 5.752790226795683e-16 5.327866121897034
-2.0629641003042723e-22 0.9553191852825538 -7.708846584571975e-23 2.18627346830724
9.177072008568861e-22 5.327866121897032 9.036312559578836e-22 4.096911838872346
-1.0664263478884561e-23 5.327866121897032 -3.841310841389023e-23 4.096911838872347
-1.5059315553168216e-21 0.9553191852825534 1.278816455976226e-21 2.186273468307239
-5.104735675152687e-16 2.1862734683072405 -1.9373747437593877e-16 0.9553191852825547
6.832861343496812e-19 5.327866121897032 8.022052339895813e-17 2.1862734683072396
1.887446730738919e-19 4.096911838872346 -5.550904391109917e-20 0.9553191852825537
2.3126902235301873e-23 5.327866121897033 -6.996948921416588e-24 4.096911838872347
3.1477255572486586e-21 0.9553191852825538 -1.84353383146685e-21 4.096911838872347
-2.843018099270524e-23 5.327866121897032 1.5110756857253316e-24 4.096911838872346
3.43408342899553e-22 2.1862734683072396 3.5404461838238124e-22 0.9553191852825537
1.3021217739516059e-19 4.096911838872347 -7.501430849074621e-20 5.327866121897032
7.18488050126762e-22 0.9553191852825538 -1.0305514176893837e-20 4.096911838872347
-1.2472264200524547e-22 0.9553191852825538 -2.1059657917720835e-22 2.1862734683072396
4.969837605019662e-19 0.9553191852825536 -7.408350706625624e-17 2.1862734683072387
-7.050808604824388e-22 0.9553191852825538 5.001748335746817e-22 4.096911838872347
-4.815596578006573e-16 5.327866121897034 5.0053320905404344e-17 2.1862734683072387
8.259313713047256e-17 0.9553191852825537 -1.730837116761237e-16 2.18627346830724
4.405087486424595e-18 0.9553191852825538 -1.1052176885641492e-17 2.18627346830724
0.8813377724334727 4.712533751420674 0.8812707751386546 1.5706515626154876
-3.7102356904601435e-23 5.327866121897032 1.768845334508024e-23 4.096911838872347
-6.791432432919604e-23 4.096911838872347 5.188282164514324e-23 0.9553191852825539
3.04550935352764e-22 4.096911838872347 1.663499894703115e-22 5.327866121897033
-7.999744912497358e-22 5.327866121897032 2.4677510028684455e-22 2.18627346830724
2.07042570210393e-21 4.096911838872347 -1.1110273570228507e-21 0.9553191852825533
3.363387947145985e-23 4.096911838872347 -1.0664603793479074e-22 5.327866121897032
6.568174087166408e-21 5.327866121897032 -3.417549043261617e-21 2.1862734683072396
1.1222401501990153e-22 2.1862734683072396 -1.894617806805434e-23 0.9553191852825537
4.553604258162694e-16 5.327866121897032 -2.7734227076635655e-16 2.186273468307242
-4.7167979891584385e-17 2.1862734683072396 4.230220057364813e-17 5.327866121897032
-2.1962557817578044e-22 4.096911838872347 -4.05702527105976e-22 5.327866121897033
1.48178837438598e-17 4.096911838872349 -1.4211686810094576e-17 0.955319185282551
1.637543951781559e-18 5.327866121897033 1.2929503636734844e-18 4.096911838872347
-1.294871657633225e-16 4.096911838872347 -3.816259215532906e-16 5.327866121897032
-3.1020664945958596 3.9296852641187203 -3.1020664945958596 0.788092610528928
3.206712717274724e-17 4.096911838872347 -1.5005529459022302e-17 0.9553191852825537
-1.1619732470002093e-16 0.9553191852825537 2.938345713496592e-18 2.1862734683072396
-1.8224777392004208e-25 2.1862734683072396 -2.2246320867061267e-23 0.9553191852825537
-1.2343282895657088 2.0785857622509063 0.5085572963784615 1.8707015687613124
1.507323350500512e-23 5.327866121897032 -1.9342255859450174e-23 4.096911838872347
-3.393375681931229e-21 0.9553191852825536 -3.3266213886072134e-21 4.096911838872347
4.93621425167532e-16 0.9553191852825533 6.834629276620022e-16 2.1862734683072396
-2.5999343017165917e-23 0.955319185282554 1.0369822723732629e-23 2.1862734683072396
6.455231432483625e-23 4.096911838872347 -9.074333710668358e-23 5.327866121897032
7.308278046505903e-17 0.9553191852825538 1.1179723090295432e-16 2.1862734683072396
-5.463454992056233e-23 0.9553191852825537 1.9799566533144982e-22 4.096911838872347
1.1818835174315852e-18 2.186273468307239 1.3973010720281242e-18 5.327866121897032
1.071814638635741e-22 5.327866121897032 -2.1037825087763576e-22 2.1862734683072396
2.2892757858336674e-20 4.096911838872347 1.6486341201776998e-21 0.9553191852825536
8.454792704533542e-17 5.327866121897033 5.5232588233813244e-17 2.186273468307239
-2.5268059861473726e-24 4.096911838872347 6.660546386740848e-24 5.327866121897032
-2.13322423940251e-23 0.9553191852825536 -6.871294265495373e-23 2.1862734683072396
-4.552930404451264e-22 5.327866121897032 1.284214135746005e-22 2.186273468307239
-7.40092940303179e-23 2.1862734683072396 -1.0429897163792287e-22 0.9553191852825536
-8.650186315555543e-24 2.1862734683072396 -8.446575350157404e-24 5.327866121897032
-2.2880580220431386e-25 2.186273468307239 -3.771232486411708e-24 5.327866121897032
1.041114631241753e-20 5.327866121897032 3.677669439166161e-21 4.096911838872347
-0.8813046737936253 4.712389024932892 -0.8813038878009892 1.5707962822467187
-6.564862285003222e-21 4.096911838872347 -1.4600469066687417e-20 5.327866121897032
1.1073202294800263e-15 4.096911838872343 6.187926966755203e-16 5.327866121897031
1.3631852496964708e-22 2.1862734683072396 -8.730543383174696e-22 5.327866121897032
-1.278960038127307e-22 5.327866121897032 2.206000675183308e-22 2.1862734683072396
-0.8813042456898488 4.712388991173482 0.88130431590466 4.712388991173482
-1.632518487055827e-19 0.9553191852825534 6.549409656933253e-18 2.186273468307239
-0.9114116577260113 1.608399988612157 0.8508862853899228 1.60682466913502
-4.277302987924112e-22 5.327866121897032 -3.657591641707289e-22 4.096911838872346
-4.468382564549083e-21 5.327866121897032 -5.789787992589283e-21 4.096911838872347
0.881304292982881 1.5707963622737848 -0.881304268611626 1.5707963622737842
0.8762628489710376 1.5782198907119298 -0.886324367010744 1.5782728818109286
-1.2543843926531432e-16 2.186273468307239 2.6011135745304814e-16 0.955319185282553
4.758281626588604e-22 5.327866121897032 8.485987414878554e-22 4.096911838872346
8.540692283860208e-23 4.096911838872347 -6.412700470095177e-23 5.327866121897032
-3.215148164065247e-24 0.9553191852825538 -6.32229641871117e-23 2.1862734683072396
-5.817685325177327e-16 5.327866121897032 -8.820923887124296e-16 2.186273468307239
1.781802211739844e-20 2.186273468307239 -3.6843801640287285e-20 5.327866121897033
-1.0542417916730296e-22 0.9553191852825537 9.304117315825454e-23 4.096911838872347
2.746064254119603e-25 2.186273468307239 1.1297346048999317e-23 0.9553191852825537
-1.3420736604973794e-17 2.186273468307239 1.475202424387379e-17 0.9553191852825534
1.5297696207857761e-21 2.186273468307239 -2.0959757834861094e-21 5.327866121897033
0.8813068538876985 1.5707967458488767 0.8813017077113648 4.712388561332234
3.10206649459586 5.495092696650659 -3.10206649459586 3.929685264118721
0.8813043019998871 4.712389015281287 0.8813042595946202 1.5707962918982994
9.073710877890542e-16 2.1862734683072427 3.085193499456355e-16 0.9553191852825537
-3.8380072827620276e-17 2.1862734683072396 -4.8892753418767945e-17 0.9553191852825539
-2.1076580561859636e-24 5.327866121897032 9.254714191661174e-24 2.18627346830724
1.023880425759556 1.6821223216218095 0.7452121722006546 4.6210138685429465
4.9940313049275685e-24 4.096911838872347 1.4168664454358554e-23 5.327866121897032
1.904656483169496e-17 5.327866121897032 -2.4869211917058624e-16 2.18627346830724
-9.425516946633102e-17 0.9553191852825537 -7.745150734711543e-17 2.1862734683072396
6.600455076890732e-22 0.9553191852825538 2.6095260503205137e-21 2.1862734683072396
2.7752025356439836e-18 2.1862734683072396 2.3242074710346428e-18 0.9553191852825538
-2.122983832914664 4.2018235833262905 5.654866776461633 6.283185307179587
-4.814014523324724e-21 2.186273468307239 -6.80738013964286e-22 5.327866121897032
1.5752335538203393e-22 4.096911838872347 -3.4678004327127254e-22 0.9553191852825538
-1.490479374966437e-18 2.186273468307239 5.571462235910454e-17 0.9553191852825536
8.121400130403802e-24 0.9553191852825536 -1.0130133845783693e-23 4.096911838872346
-1.762400773836709e-17 5.327866121897032 1.362420401050775e-16 4.096911838872346
3.10206649459586 5.4950926966506595 3.10206649459586 2.3535000430608664
1.9735815685722633e-22 2.1862734683072396 1.5027547493426242e-22 0.9553191852825538
2.1917672341919566e-17 4.096911838872347 -1.3321166393098949e-17 0.9553191852825534
3.94217218577444e-24 2.18627346830724 4.7726575831784714e-24 0.9553191852825539
5.621368536974651e-22 0.9553191852825538 -3.628613719878209e-22 2.1862734683072396
1.233623740420626e-24 2.186273468307239 1.757931636169137e-24 5.327866121897032
2.688266066522162e-20 4.096911838872347 1.2533574836109784e-20 5.327866121897032
-3.682317528315442e-23 0.9553191852825537 -4.409500337864095e-23 2.1862734683072396
-9.215539485325643e-22 2.1862734683072396 -9.828965929378916e-22 0.9553191852825537
1.4758452050298156e-22 4.096911838872346 1.6901613738156677e-22 0.9553191852825538
5.654866776461633 6.283185307179587 -2.1229838329146626 4.2018235833262905
-1.983114729706273e-16 0.9553191852825532 -3.281830246015195e-16 2.1862734683072387
-2.4836430418510902e-17 4.096911838872347 1.3660549085852412e-17 5.327866121897032
-1.6557294206133093e-18 2.1862734683072396 -7.844945386535969e-19 0.9553191852825533
-1.1442615207903865e-18 2.1862734683072396 -5.14011234637279e-19 0.9553191852825538
1.1157997004421737e-20 2.1862734683072396 1.4456172699875404e-23 0.9553191852825537
-3.636273426739273e-21 0.9553191852825534 -9.621548396540876e-22 2.186273468307239
1.016902350511973e-24 4.096911838872347 1.0130926453778214e-24 0.9553191852825533
0.8813089240663962 1.5707992259049508 -0.8812996375374103 1.5707992258859207
-0.8748304725768029 4.715302415779883 -0.8878017692897753 1.5678560526715521
9.080796047371015e-22 4.096911838872347 6.817410726933799e-22 5.327866121897032
3.3241788977509454e-24 2.1862734683072396 -5.318749976362655e-23 5.327866121897032
-9.15889942985052e-18 0.9553191852825537 -2.241973581856322e-17 4.096911838872347
-2.4745706985035853e-29 0.9553191852825536 1.4562317421376463e-29 4.096911838872346
-0.8813043063620166 4.712388958387598 -0.8813042552324911 1.570796348791987
0.8813042918414857 4.712388968954655 0.8813042697530217 1.5707963382249315
-3.5135402446053406e-23 0.9553191852825536 -1.535682513501364e-22 2.186273468307239
-1.3648204952441216e-22 5.327866121897033 -1.6842944890457942e-22 2.186273468307239
1.948058519875584e-21 4.096911838872347 1.243519638389468e-21 5.327866121897032
3.1020664945958596 5.495092696650659 3.1020664945958596 2.3535000430608655
-1.5287274645324977e-21 4.096911838872347 1.0994400884195341e-21 0.9553191852825536
-3.6484984499414155e-25 4.096911838872347 -1.6349568861891871e-24 5.327866121897032
-2.4611673906345244e-22 5.327866121897032 -9.126279739793532e-22 4.096911838872347
-5.305412705038083e-22 4.096911838872347 4.182810120584773e-22 0.9553191852825539
-1.3812585955189515e-19 5.327866121897032 1.0200616669034763e-19 2.1862734683072396
2.71944395985719e-21 2.1862734683072396 -2.7962851714516646e-21 0.9553191852825538
-1.586864418032722e-20 4.096911838872347 9.16495116076014e-21 0.9553191852825538
1.5233832717014603e-24 5.327866121897032 -4.914333747704931e-25 2.186273468307239
1.648238085245117e-19 0.9553191852825534 1.288096441989629e-19 2.186273468307239
-9.230457160587735e-22 4.096911838872346 1.0537660618466158e-20 0.9553191852825537
8.7590660984573e-30 4.096911838872346 -2.78914888416923e-30 5.327866121897032
-2.7243633217056973e-22 2.186273468307239 3.520044958126965e-21 5.327866121897032
1.403544538854241e-15 2.1862734683072422 -2.0104477053643936e-16 5.327866121897032
-1.3362705336115676e-21 2.18627346830724 6.220676390308385e-22 5.327866121897032
-6.989680159820655e-24 0.9553191852825537 -3.444813849308155e-24 2.186273468307239
-2.839855966109164e-22 2.1862734683072396 -6.250991115827453e-22 0.9553191852825537
-5.723074401332533e-23 4.096911838872347 -1.2718383123154985e-22 0.9553191852825538
-1.3216694755623956e-21 4.096911838872347 -6.528341862110932e-22 0.9553191852825537
7.274705631299112e-22 0.9553191852825537 1.1329657479288251e-20 2.1862734683072396
-3.2518532308964564e-23 5.327866121897032 -2.481180549225253e-23 4.096911838872347
-3.1020664945958605 3.9296852641187203 -3.102066494595861 0.7880926105289264
-5.824301121437345e-24 0.9553191852825539 -1.7283656471314226e-25 2.1862734683072396
-4.384221092941061e-24 2.1862734683072396 -1.8267444413177284e-24 0.9553191852825537
-3.7166452010922823e-22 4.096911838872347 -3.1141382012435147e-22 5.327866121897032
9.440302870400918e-23 5.327866121897032 6.914897447626197e-23 4.096911838872347
3.9425047944788923e-16 4.096911838872345 7.706496750123063e-16 5.327866121897034
-7.105925866621464e-22 0.9553191852825538 6.454399215783053e-22 4.096911838872347
-2.770953572985795e-22 5.327866121897032 2.0978613345989868e-22 2.1862734683072396
-3.753922429621573e-18 4.096911838872346 -1.3109279839892851e-18 0.9553191852825539
8.311098656130611e-23 5.327866121897032 -1.1977135574476489e-22 2.186273468307239
-9.999640356512897e-23 0.9553191852825537 4.1995112052497337e-23 4.096911838872347
1.3201418764542097e-17 2.1862734683072396 -5.656648728190707e-17 5.327866121897032
-3.102066494595859 0.7880926105289272 3.102066494595859 2.3535000430608664
-3.1020664945958587 2.353500043060866 -3.102066494595859 5.4950926966506595
-1.1068995863271575e-22 5.327866121897032 -2.327720380496602e-23 4.096911838872347
1.593327314353305e-20 5.327866121897033 -1.3803505032735073e-20 2.1862734683072396
-4.3699193257611016e-23 0.9553191852825539 -9.914759001997207e-23 4.096911838872347
-2.1229838329146635 2.0813617238532953 5.654866776461633 2.7112023332062825e-16
-1.6361161542672643e-24 5.327866121897032 -1.4242556463704928e-23 4.096911838872347
0.8813043219683891 1.5707963183580862 -0.8813042396261197 1.5707963183580866
9.607557159525876e-22 2.18627346830724 -1.889055220396584e-21 5.327866121897033
-3.499661649606977e-19 5.327866121897033 4.035007901419439e-19 2.1862734683072396
5.654866776461632 3.1415926535897922 2.1229838329146635 5.222954377443089
8.114057671942989e-25 2.1862734683072396 3.0461807155731808e-24 0.9553191852825538
1.4080789609365822e-22 2.1862734683072396 1.3548935090558656e-22 0.9553191852825537
3.1914391294191158e-21 0.9553191852825536 3.093120883068299e-21 2.186273468307239
1.1733373847116941e-22 2.186273468307239 -3.6398805153165014e-22 5.327866121897033
-0.8813042772703558 4.71238888798645 -0.8813042843241451 1.570796419193136
-7.883558890912638e-22 2.1862734683072396 1.712257178444291e-22 5.327866121897032
5.364748919201874e-25 5.327866121897032 -1.9064100743256077e-25 2.1862734683072396
1.6000846918187185e-22 2.18627346830724 -5.518409062197846e-22 0.955319185282554
-2.429925154017534e-22 0.955319185282554 2.8535302703668822e-22 4.096911838872347
-2.260225522304135e-22 4.096911838872347 -3.481666516945112e-23 5.327866121897032
-6.047224399704339e-22 5.327866121897032 1.5093201625554619e-22 4.096911838872347
7.99151566147336e-24 4.096911838872347 4.922701806693812e-23 5.327866121897032
-2.55523722342483e-23 5.327866121897032 6.23967613676507e-23 2.186273468307239
4.413020735361005e-21 4.096911838872346 3.3284316350580783e-22 0.9553191852825537
3.101128812065589e-23 4.096911838872347 -3.9915175357381745e-23 0.9553191852825536
-7.822361882397805e-18 5.327866121897032 -2.1050667377269114e-17 4.096911838872346
