3.328217812351263 5.324574631668906 0.6486817255534706 5.287792986322817
1.2716241961767878 4.018589256310072 1.271624196176777 0.8769966027202767
2.0420352248333673 7.38041669056061e-16 0.935535998422377 4.371121344242712
1.591517666012514 5.621616244001307 4.219231871207906 1.1505127103702957
0.9426113957529966 5.035997068588331 3.4628337647634333 4.985205692663597
0.935535998422377 1.9120639629368663 2.0420352248333673 6.28318530717958
3.148534451244353 1.9120639629368659 2.0420352248333677 6.28318530717958
2.8124462534899557 2.264596050869513 2.8124462534899415 5.4061887044592964
2.042035224833364 3.14159265358979 3.148534451244353 1.2295286906529235
2.8124462534899544 4.018589256310065 2.812446253489942 0.8769966027202841
2.8124462534899526 0.8769966027202777 2.8124462534899437 4.018589256310071
0.2849097805613208 5.006549371509924 2.6793573555022294 5.231000490737457
2.812446253489955 0.8769966027202749 1.2716241961767887 2.2645960508695047
0.9355359984223767 5.053656616526657 2.0420352248333646 3.141592653589791
2.812446253489941 2.2645960508695038 1.2716241961767745 0.8769966027202745
0.02227369666755381 5.192268350036487 1.8223399970886722 0.21701243074662255
0.9355359984223769 5.053656616526657 2.0420352248333695 3.1415926535897905
0.9355359984223767 5.053656616526657 2.0420352248333646 3.14159265358979
2.8124462534899433 5.406188704459298 2.812446253489953 2.2645960508695118
1.978562275703174 3.5375447037351044 4.072560392372904 4.268015085334205
1.5266972011480957 3.002938984432502 4.118460921660194 4.174520942115873
0.047040425677537856 6.22589504380519 0.05724485531638155 0.047124841580755715
1.2716241961767865 5.406188704459298 1.2716241961767771 2.2645960508695118
1.271624196176776 2.2645960508695127 2.812446253489943 0.8769966027202827
1.271624196176777 2.2645960508695118 2.8124462534899433 0.876996602720282
1.2716241961767862 0.876996602720282 2.812446253489953 2.2645960508695113
2.042035224833365 3.141592653589798 2.042035224833365 6.283185307179579
2.812446253489942 5.4061887044592964 1.2716241961767762 4.018589256310065
2.0420352248333633 6.283185307179581 3.148534451244353 1.9120639629368656
3.1711262850708453 4.473230550222637 3.4189028423709558 1.780739598455901
3.2110039329730307 1.506605883159822 0.7239949771626839 1.5113843407443133
2.8124462534899433 4.018589256310072 2.8124462534899526 0.8769966027202772
2.812446253489955 2.264596050869513 2.8124462534899415 5.4061887044592964
2.0420352248333655 4.137452384253364e-15 2.042035224833365 3.1415926535897962
2.042035224833359 6.2831853071795845 0.9355359984223754 4.371121344242714
-1.2387246747927223 4.69864791209199 3.6458135304949684 1.5800247314937534
1.9071836872787222 2.6526593307621873 4.054145890112064 1.9994141810177515
2.8124462534899424 2.264596050869505 1.2716241961767756 0.8769966027202755
1.2716241961767754 0.8769966027202752 2.8124462534899424 2.2645960508695047
2.6383224759317065 5.665511351831744 0.171824343359621 5.177977087573643
2.0511332460268603 0.038680627677854774 4.084234799943109 1.0913867616175237
-0.2681564415948976 4.386402961295876 2.6709494011228707 2.1571156522025174
1.2716241961767882 2.2645960508695047 2.812446253489955 0.8769966027202751
3.9510187620085206 6.1741146292925055 0.10800988543021994 6.149582672434618
2.8124462534899557 5.406188704459305 2.812446253489941 2.2645960508695047
3.1485344512443527 5.053656616526658 2.0420352248333655 3.1415926535897905
1.2716241961767882 5.4061887044592964 2.8124462534899544 4.018589256310065
1.4249373128549025 2.0319004484368706 -0.2841289106446324 1.8321079431456988
2.812446253489957 5.406188704459303 2.8124462534899415 2.2645960508695078
0.789463506128204 1.5778013375776592 0.8067026722477741 4.705321016434434
3.1485344512443536 1.9120639629368656 2.0420352248333633 -5.675327578311629e-16
5.355694645843518 5.4061887044592964 2.812446253489954 4.018589256310065
4.08407044966673 0.9588020411860494 4.08407044966673 2.1827906124037364
0.935535998422377 1.9120639629368656 2.042035224833362 -2.2136957617284523e-16
2.8124462534899517 2.2645960508695113 2.812446253489945 5.406188704459299
0.5182124685004312 1.0865960543343436 3.1408633968135073 0.9549203027965287
1.271624196176775 4.018589256310064 2.812446253489941 5.406188704459296
2.5888589607701333 1.2009418432210504 0.25956279603382665 1.3663557270060844
2.0420352248333646 3.141592653589779 2.0420352248333655 6.283185307179578
2.0420352248333646 3.141592653589791 3.1485344512443527 1.2295286906529237
0.9355359984223772 1.9120639629368656 2.0420352248333615 6.283185307179581
2.0420352248333664 3.1415926535898007 2.042035224833367 6.283185307179579
0.9355359984223777 1.2295286906529235 2.04203522483336 3.1415926535897905
2.812446253489943 0.8769966027202829 1.2716241961767762 2.2645960508695127
2.042035224833363 9.205522907214834e-17 3.1485344512443536 1.9120639629368659
3.96666347577977 5.211400911426615 -1.4930301455220583 0.4518698107642763
2.0420352248333655 3.1415926535897896 3.1485344512443527 1.2295286906529237
3.4261758091704295 6.469986151861675 0.14125700560433146 0.6100115010266254
2.0420352248333624 6.283185307179582 3.1485344512443527 4.371121344242712
3.1485344512443536 5.053656616526657 2.042035224833361 3.14159265358979
2.042035224833365 3.1415926535897967 2.042035224833365 -2.206666535641381e-15
3.5058913368748685 4.680924321103568 1.0454126344429997 4.672418899996583
2.8124462534899433 0.8769966027202831 2.8124462534899535 4.018589256310066
2.042035224833365 3.1415926535897767 2.0420352248333655 2.1866060297737754e-15
1.2716241961767776 0.8769966027202764 2.812446253489944 2.264596050869506
2.0420352248333646 3.1415926535897807 2.0420352248333646 4.28177053339622e-15
2.042035224833365 6.283185307179581 0.7979675957655765 -7.494740304510943e-17
3.9954369844394924 2.7351926618416584 0.42043116038683775 3.0417890590602594
2.0356882109490555 6.148320641043988 4.083671536806604 5.1878949519187
3.148534451244353 5.053656616526657 2.0420352248333598 3.1415926535897896
3.148534451244353 1.9120639629368659 2.0420352248333624 -2.942987034221073e-16
1.2716241961767747 4.018589256310064 2.812446253489941 5.406188704459296
3.1485344512443527 4.371121344242713 2.0420352248333633 6.283185307179581
3.1485344512443527 4.371121344242712 2.042035224833367 6.283185307179581
1.2716241961767736 4.018589256310063 2.8124462534899397 5.406188704459295
2.042035224833365 6.28318530717959 2.0420352248333646 3.1415926535897856
2.8124462534899424 5.4061887044593 2.812446253489953 2.264596050869511
0.9355359984223767 5.053656616526658 2.042035224833369 3.1415926535897905
2.0420352248333646 6.283185307179579 2.0420352248333646 3.1415926535897976
2.042035224833369 3.14159265358979 0.9355359984223767 5.053656616526657
2.8124462534899415 4.018589256310073 1.2716241961767754 5.406188704459304
2.812446253489953 5.406188704459304 2.8124462534899446 2.2645960508695064
3.148534451244353 1.9120639629368652 2.0420352248333677 6.283185307179581
2.042035224833361 3.1415926535897905 0.9355359984223774 1.2295286906529233
2.812446253489943 4.018589256310071 1.271624196176777 5.406188704459303
3.0599812108122912 2.257183436589388 4.524150975192894 2.0629097835714947
1.2716241961767865 2.2645960508695056 2.8124462534899526 0.8769966027202766
2.042035224833367 6.283185307179581 3.148534451244353 4.371121344242712
3.280193524302328 1.529751053385098 3.2926428676481776 4.753169772159758
3.1485344512443527 1.2295286906529235 2.042035224833368 3.14159265358979
4.553118622669239 4.668502134630616 1.192164102989225 1.6338896703845749
4.084070449261424 0.9588020409919102 4.781580359501695e-10 2.182790612632776
2.8124462534899557 5.406188704459306 2.812446253489941 2.2645960508695047
2.0420352248333655 -1.250546443724096e-15 2.042035224833365 3.1415926535897967
0.5526705409761534 3.307235207734618 3.9484780559687307 3.6661378623123655
3.476540827670178 4.39748436477857 3.1426158640776793 1.947466892496727
3.286102853901154 6.283185307179581 2.0420352248333655 -1.8100218911062873e-16
2.812446253489943 5.4061887044592964 1.2716241961767765 4.018589256310065
-2.1430514829492253e-10 0.9588020419579457 4.084070449485076 4.100394695430127
3.286102853901154 -1.5783150868663195e-16 2.0420352248333637 6.283185307179582
-0.07517589697498295 -0.5790742601008194 4.711664322377206 -0.09719665205993153
1.852665495637771 2.9980403417463473 0.012722337640264843 4.22912686646869
2.0420352248333655 3.14159265358979 3.1485344512443536 5.053656616526657
2.8124462534899437 4.018589256310071 2.8124462534899526 0.8769966027202778
1.2716241961767878 5.4061887044592964 2.812446253489954 4.018589256310065
4.217517149985407 3.3607032726159325 0.21874456119281538 3.00414927593072
3.1485344512443527 1.2295286906529237 2.04203522483337 3.1415926535897896
0.9355359984223767 5.053656616526657 2.0420352248333646 3.1415926535897905
3.387066851089725 1.3757653572007529 3.2022665915377027 4.927298827594955
2.042035224833369 3.1415926535897896 0.9355359984223768 5.053656616526657
2.812446253489957 5.406188704459306 2.8124462534899406 2.2645960508695038
3.1549273759816736 1.5246259538768447 3.4096248541989143 4.752860669716116
2.0420352248333633 6.283185307179581 3.1485344512443536 1.9120639629368659
3.148534451244353 1.2295286906529235 2.0420352248333655 3.1415926535897905
1.2716241961767882 5.406188704459296 2.8124462534899544 4.018589256310064
2.812446253489942 2.264596050869504 1.2716241961767754 0.8769966027202748
1.2716241961767756 4.018589256310066 2.8124462534899415 5.4061887044592964
1.2716241961767765 0.8769966027202765 2.812446253489943 2.2645960508695056
1.2716241961767776 2.264596050869512 2.812446253489944 0.8769966027202827
2.0420352248333646 1.2027272113545217e-15 2.0420352248333646 3.1415926535898007
2.812446253489952 0.8769966027202778 2.8124462534899437 4.018589256310071
1.2716241961767858 5.406188704459298 1.2716241961767778 2.2645960508695113
0.9355359984223776 1.2295286906529235 2.0420352248333655 3.1415926535897913
2.042035224833363 6.283185307179581 0.9355359984223768 1.912063962936866
2.042035224833366 3.14159265358979 0.9355359984223776 1.2295286906529235
2.812446253489952 2.264596050869511 1.2716241961767851 0.8769966027202811
1.2716241961767925 4.018589256310073 2.812446253489959 5.406188704459303
1.2716241961767885 4.018589256310073 1.271624196176776 0.8769966027202762
1.2716241961767756 4.018589256310065 1.2716241961767887 0.8769966027202843
2.0420352248333637 6.283185307179581 3.1485344512443527 4.371121344242713
2.0420352248333664 3.141592653589792 3.148534451244353 5.053656616526658
2.8124462534899415 0.8769966027202846 2.8124462534899544 4.018589256310065
2.042035224833361 3.1415926535897905 3.148534451244353 5.053656616526657
1.2716241961767765 5.4061887044593036 2.8124462534899424 4.018589256310072
3.1485344512443527 1.2295286906529235 2.0420352248333637 3.141592653589791
0.9355359984223786 1.9120639629368652 2.0420352248333615 6.28318530717958
3.148534451244353 5.053656616526657 2.04203522483336 3.141592653589791
1.2716241961767776 2.2645960508695118 2.812446253489944 0.8769966027202826
1.2716241961767776 2.2645960508695113 2.8124462534899446 7.160181909899862
1.2716241961767758 5.406188704459305 1.2716241961767878 2.264596050869505
0.9355359984223774 1.2295286906529233 2.042035224833361 3.1415926535897905
4.000538022464111 5.043021020884385 2.274372408888144 0.8426074549506212
3.148534451244352 1.2295286906529237 2.0420352248333695 3.1415926535897896
2.0420352248333624 5.005131914900148e-16 0.935535998422377 1.9120639629368654
0.44501362885872625 1.4279414783064441 1.2116491455088068 4.922772185437457
0.3267975675038545 6.2192477014563945 4.024627314716437 5.963465684180344
1.2716241961767754 0.876996602720276 1.2716241961767891 4.018589256310073
-1.271624196176788 2.2645960508695056 2.812446253489955 5.406188704459305
2.4185921005740905e-20 0.9588020411860508 3.39229741888323e-20 2.1827906124037377
1.271624196176788 0.8769966027202831 2.812446253489955 2.264596050869512
1.2716241961767871 5.406188704459297 1.2716241961767762 2.2645960508695127
3.1485344512443527 1.2295286906529233 2.042035224833369 3.14159265358979
1.2716241961767756 4.018589256310064 1.271624196176789 0.8769966027202847
3.1485344512443527 4.371121344242713 2.0420352248333673 1.0536632796924224e-15
3.755552498028405 4.578952857097658 1.3966929192117166 4.488392337836102
-0.17021650352910195 3.643668151782196 0.5209644730104396 3.344761563924109
1.2716241961767762 4.018589256310065 2.8124462534899424 5.4061887044592964
3.1485344512443527 4.371121344242712 2.0420352248333673 6.283185307179582
3.6838104868391395 -0.053830737061596315 0.04828274275071995 5.896530832607292
3.1485344512443527 1.9120639629368659 2.0420352248333673 5.498932781598732e-16
3.682093565991868 3.795085988970988 0.6207516382974135 3.651699796643479
0.5606127114628024 4.121182818708177 0.8208817832825804 2.2594488943331337
4.08407044966673 2.182790612403738 4.08407044966673 0.958802041186051
0.9709508589744631 2.0055089489566615 3.516511936985418 1.9203069195644615
0.047400434525903964 6.232429521967486 0.050705957042401245 0.047461478057253204
2.8124462534899526 0.8769966027202774 2.8124462534899437 4.018589256310071
1.2716241961767876 0.8769966027202826 2.8124462534899544 2.264596050869512
2.0420352248333664 1.9584928715930197e-17 0.9355359984223769 1.9120639629368659
0.08924786750485186 5.930292338182991 0.36141284460178846 0.09746111507865862
0.10009147003299101 4.112563166813907 2.802355472653593 3.4071086852782075
4.184787386146402 4.256513402393793 2.4632092507179286 3.659156225999228
2.0420352248333655 3.1415926535897887 2.0420352248333646 6.283185307179572
