5.551115123125782e-17   1.849242330445588e-17   2.567390744445674e-16   1.682370063572913e-14
9.714451465470119e-17   3.643596925909098e-17   -1.637578961322105e-15   6.404931110221695e-15
-3.330669073875469e-16   2.020605904817784e-14   7.216449660063517e-16   -1.892930256985891e-14
0.   -4.618527782440651e-14   0.   4.812816811750053e-14
1.165228861247425e-14   -1.102739183058364e-14   8.932242202142621e-15   -1.041676916703981e-14
9.418411214792689e-16   2.552670124108586e-14   -1.223093776539786e-15   2.760836941225803e-14
-1.665334536937734e-16   -1.013078509970455e-14   7.771561172376095e-16   1.007527394847329e-14
1.116450106859111e-15   2.772036749667578e-14   -1.052821599849885e-15   2.622059063147658e-14
6.106226635438361e-16   -4.918287999089443e-14   -8.326672684688674e-16   -4.699018951725975e-14
-2.425958484559451e-9   -5.386187194445533e-9   2.425529656206327e-9   5.385254908674141e-9
-6.730727086790011e-16   7.949790457005556e-15   -1.873501354054951e-16   2.599374708533996e-17
4.938936805742507e-15   3.920998755628603e-14   6.493249040217726e-15   3.823854240973901e-14
-1.172611779393861e-15   2.805375966471507e-14   9.973104486186275e-16   2.5665479119164e-14
1.172569955301961e-15   2.738871005211246e-14   -8.863299702480111e-16   2.574874584601089e-14
-1.887379141862766e-15   -8.326672684688674e-16   -2.609024107869117e-15   -1.054711873393898e-15
-3.545774784896593e-15   -1.499751115397601e-14   8.673617379884035e-17   -4.099639464710813e-17
-3.469446951953614e-18   -1.6940658945086e-19   -3.660266534311063e-15   1.385081827877388e-15
-4.996003610813204e-15   -4.554689958524704e-14   4.163336342344337e-15   4.57966997657877e-14
-7.979727989493312e-17   2.099150931203497e-16   -2.532696274926138e-16   1.682736659432485e-14
3.442569914934232e-15   -2.908185164761167e-14   9.92056164682495e-16   -3.065058377098095e-14
9.003192054424781e-17   -2.506879229346411e-14   6.08497399426816e-16   -2.49048609249843e-14
1.665334536937734e-16   -1.768030166715561e-14   1.665334536937734e-16   1.804112415015879e-14
1.600623763536195e-9   -3.93793130921841e-9   -5.257874224846642e-10   5.828112327758896e-9
4.822531263215523e-16   6.081018934928073e-17   4.544975507059234e-16   1.684107497554321e-14
-6.661338147750939e-16   2.883804306463844e-14   -4.440892098500626e-16   -2.886579864025407e-14
1.27675647831893e-15   -7.688294445529209e-15   1.609823385706477e-15   4.274358644806852e-15
5.551115123125782e-17   -9.547918011776346e-15   -8.326672684688674e-16   1.112998582186719e-14
-1.283695372222837e-16   4.15805085675347e-16   -1.42628964194813e-14   1.695601395835383e-14
-2.170284230107455e-9   -2.469929316628594e-9   2.593332715239427e-9   1.225231971435647e-9
9.333411339916725e-17   7.982574855648505e-17   1.66304201872368e-15   1.323839321266352e-15
-3.452009459485121e-16   -2.762132946649237e-14   4.417129908414669e-16   -2.654243988465204e-14
0.   1.126078731512002e-14   0.   1.026700760381981e-14
-6.661338147750939e-16   -3.019806626980425e-14   1.665334536937734e-16   2.986499936241671e-14
-3.146788385421928e-15   -3.335831909095574e-14   -1.249000902703301e-16   -1.295621596120177e-17
1.080506817057385e-15   -1.23921461231803e-15   -2.751795794184895e-16   -4.802730915781774e-16
0.   8.715250743307478e-15   0.   -7.105427357601001e-15
1.116450106859111e-15   2.772036749667578e-14   -9.417992973873697e-16   2.588752372408904e-14
1.998401444325281e-15   -1.748601263784621e-15   2.27595720048157e-15   -2.109423746787797e-15
-9.515725121929385e-12   -6.731084846401877e-12   2.187060428593401e-12   6.015410825704892e-12
-6.245004513516505e-17   -1.553119612085485e-17   -1.77635683940025e-15   6.386709737460361e-15
8.881784197001252e-16   -1.765254609153998e-14   1.665334536937734e-16   1.812439087700568e-14
7.768971176935294e-16   1.57289830551795e-14   -1.332526629094268e-15   1.722778413842346e-14
1.010772219700495e-14   2.594335355781822e-14   1.338288011964916e-14   2.677602082628709e-14
4.906965828797745e-16   -2.099119158503405e-14   4.906965834357493e-16   -2.120152680649624e-14
-1.665334536937734e-16   -1.745825706223058e-14   4.996003610813204e-16   1.748601263784621e-14
-3.401975301907449e-14   2.347310737652071e-14   -3.346464150676191e-14   2.022570502949212e-14
-1.4210854715202e-14   2.731148640577885e-14   1.509903313490212e-14   -2.589595204938177e-14
-6.730727086790011e-16   7.949790457005556e-15   -1.873501354054951e-16   2.599374708533996e-17
-1.787862152121419e-19   2.714495295208507e-14   1.703427574264572e-19   -2.570166302007237e-14
4.718447854656915e-15   -2.983724378680108e-14   -4.940492459581946e-15   3.075317778211683e-14
-1.610448563444895e-17   -2.653433028854124e-14   -1.6190266017078e-17   -2.708944180085382e-14
1.887379141862766e-15   5.301314942585122e-15   2.498001805406602e-15   -3.191891195797325e-15
2.220446049250313e-16   -1.840194663316197e-14   -8.326672684688674e-16   1.759703494030873e-14
1.665334536937734e-16   -6.605826996519681e-15   2.220446049250313e-16   5.523359547510153e-15
-1.769417945496343e-16   -1.644599170388949e-17   -4.159866895392383e-15   7.981693105930942e-15
-8.203048863005685e-11   -4.473465891271263e-11   9.583684768086492e-11   4.725898295813405e-11
-1.665334536937734e-16   -1.770805724277124e-14   -8.326672684688674e-16   1.759703494030873e-14
-1.511236618507891e-15   3.057377515135274e-14   5.543552073366271e-17   3.14106708082943e-14
5.16771314582225e-10   -6.064145741113691e-9   5.168531643030704e-10   -6.06514521939161e-9
2.775557561562891e-16   3.663735981263016e-15   -3.885780586188047e-16   -2.636779683484746e-15
4.77826145336895e-9   2.524144560034358e-9   4.779092512855816e-9   2.524587039420822e-9
-9.567214070621546e-16   -1.24691932151534e-14   -9.56721407062151e-16   -2.923604367859743e-14
8.29313017292606e-16   3.651790917923974e-14   -2.720195495181693e-16   3.657276980916751e-14
1.769417945496343e-15   6.405059859229678e-15   5.551115123125782e-17   3.02356880851895e-17
-1.318389841742373e-16   5.631075033346588e-17   1.65145674912992e-15   6.397612745557418e-15
-1.727784582072899e-15   6.395315592204464e-15   -1.52655665885959e-16   -4.424900116456465e-17
9.951095818829247e-16   -1.122168085058726e-14   -8.233143018097632e-16   -1.20754900614196e-14
-3.330669073875469e-16   -8.243405957841787e-15   -8.881784197001252e-16   8.576472865229334e-15
-6.915292127053343e-16   -2.566711752309282e-15   1.052084721085853e-15   -1.451718238125189e-15
-8.873338621899854e-16   1.983680824412123e-14   6.669783722852337e-16   2.128009817613394e-14
-8.881784197001252e-16   -3.03368441478824e-14   6.106226635438361e-16   2.964295475749168e-14
-1.472005595931734e-15   5.921112750558859e-16   1.445582450226757e-15   -4.525175181338976e-16
-1.194061294023795e-16   2.791693772767701e-14   1.387201209483477e-15   3.010615875435974e-14
8.331772125642795e-16   1.864331849482054e-14   -3.063192707179856e-16   1.78569466591168e-14
2.220446049250313e-16   4.485301019485632e-14   -7.216449660063517e-16   -4.465872116554692e-14
1.533495552763497e-15   1.526080965156412e-14   6.591949208711867e-17   -1.052353733668742e-17
2.731603138128591e-9   3.298055301081959e-10   2.941870969053184e-9   1.047966671774425e-9
-1.387778780781445e-15   1.562638907159907e-14   6.106226635438361e-16   1.45994327738208e-14
1.223516938425592e-15   -7.300732742901867e-16   -1.194790794079025e-15   9.338233311617649e-16
9.238506493201503e-16   2.119780723124229e-14   -4.433282901840707e-16   1.892087424880548e-14
-7.086893147301947e-16   5.208540082463222e-15   9.950259791135268e-16   6.958008707985832e-15
-6.591949208711867e-17   -1.052353733668742e-17   -1.533495552763497e-15   1.526080965156412e-14
-7.218042797589359e-16   1.242606955898761e-14   8.216659329914281e-16   1.450350934168709e-14
-2.109423746787797e-15   -1.681987882307112e-14   1.165734175856414e-15   1.637578961322105e-14
-3.653327640407155e-15   1.369205042314053e-15   -2.081668171172168e-17   -5.07203328815875e-17
1.772433005827731e-15   -9.306546133108871e-15   2.181207713525118e-16   -1.037827998061079e-14
-3.841656153790343e-16   1.496169317931417e-14   -5.550358777627498e-16   1.472978233461952e-14
1.249744150572206e-15   8.422367162482917e-16   -1.223537845301726e-15   -7.300732742901867e-16
3.285566263500072e-15   -3.332526447722208e-14   -1.422473250300981e-16   -7.860465750519907e-17
-4.440892098500626e-16   2.159383782895929e-14   -1.110223024625156e-16   -2.139954879964989e-14
1.300919965739398e-9   -6.798019092091323e-9   1.300703051583995e-9   -6.796889939764128e-9
8.449763337120177e-16   -2.737174612638621e-14   -2.752213509000054e-16   -2.626488412849575e-14
6.226462888160874e-9   -4.291478283846572e-10   -6.227545500030404e-9   4.292223243496096e-10
9.374815728867932e-15   -1.570193605927869e-14   8.269580034236208e-15   -1.643941037700333e-14
6.844367649029908e-9   -2.503168783363207e-10   6.845557298694518e-9   -2.503688922850244e-10
-1.445917084320748e-15   -2.783985867675377e-15   3.304397550795021e-16   -1.757029569897107e-15
-4.287759057879398e-18   7.216449660063517e-15   -4.294564510715097e-18   4.607425552194399e-15
6.106226635438361e-16   -1.110223024625156e-16   4.440892098500626e-16   2.220446049250313e-16
0.   1.337818744673313e-14   2.775557561562891e-16   -1.237898672457049e-14
3.326938405872431e-15   3.643464245378872e-14   9.399589029283445e-16   3.773915450772328e-14
9.227950403831458e-16   -1.850665864780431e-14   1.221245327087672e-15   -1.890154699424329e-14
1.165893489608998e-15   1.281464761760642e-14   -9.435302571787988e-16   1.431344870085038e-14
-1.71142574224599e-14   1.705216156833461e-13   -4.092854130066951e-14   1.48233888463996e-13
-2.613646818844764e-9   -5.840386678839092e-9   -2.614109155219275e-9   -5.841344958730377e-9
-1.282291215157494e-15   2.741776667033508e-14   8.863299702480111e-16   2.574874584601089e-14
3.386180225106727e-15   -6.106226635438361e-16   -7.494005416219806e-15   -3.136380044566067e-15
-7.285838599102589e-17   1.744887871343858e-17   -4.1286418728248e-16   1.682504911218116e-14
6.106226635438361e-16   -1.770805724277124e-14   8.326672684688674e-16   1.759703494030873e-14
3.978787706844775e-16   2.82471857094161e-14   -6.657235605238023e-16   3.113311505213801e-14
7.216449660063517e-16   -1.17128529097954e-14   -1.110223024625156e-16   1.179611963664228e-14
-1.116450106859111e-15   2.772036749667578e-14   9.417992973873697e-16   2.588752372408904e-14
8.999008611266039e-17   -2.48745032641547e-14   7.749890186890021e-16   -2.52934389836031e-14
0.   1.443289932012703e-15   0.   3.885780586188047e-16
-5.016480504418201e-15   1.476902388079655e-14   -6.276323428846357e-15   1.503541235457623e-14
1.006139616066548e-16   -4.153849573335088e-18   -1.654926196081874e-15   6.385429023644112e-15
1.635209700224054e-9   4.361833338961673e-9   1.634925601353009e-9   4.361022654109092e-9
1.172569955301961e-15   2.738871005211246e-14   -9.418411214792689e-16   2.588752372408904e-14
1.110223024625156e-16   9.992007221626408e-15   -2.220446049250313e-16   -8.493206138382447e-15
-1.472089741045838e-15   1.010302952408892e-14   1.472089787567695e-15   -7.993605777301127e-15
-1.888879912891985e-9   3.230038062975605e-9   -1.889208398917794e-9   3.230545659755803e-9
0.   4.488426857668743e-15   0.   4.920589843621465e-15
0.   -4.726424253492597e-15   0.   1.520518418231784e-16
-7.216449660063517e-16   -4.440892098500626e-16   4.163336342344337e-16   3.67544536472586e-17
3.292505157403979e-15   1.343475569508256e-15   3.469446951953614e-18   -5.04831636563563e-18
-9.567214070621532e-16   5.691974582572833e-14   -9.56721407062151e-16   5.458425841093805e-15
0.   -1.991891563520511e-14   0.   -2.099119158379328e-14
2.633668357435625e-9   -6.447548051013996e-11   2.634127348740116e-9   -6.445710631908241e-11
5.551115123125782e-17   1.110223024625156e-16   3.885780586188047e-16   7.771561172376095e-16
-7.7072257874145e-16   -5.249390307197849e-14   -2.274944672847838e-15   -5.169506291129117e-14
6.661338147750939e-16   7.957115597933411e-15   1.700029006457271e-16   -6.600080725005508e-18
-8.720230129062966e-16   -1.234222907314638e-15   4.945054052944331e-16   7.96270921316214e-16
-5.551115123125782e-16   2.370326157574709e-14   -1.221245327087672e-15   -2.170486013142181e-14
-1.998401444325281e-15   -2.145505995088115e-14   -2.609024107869117e-15   1.848521336000885e-14
4.440892098500626e-16   -2.720046410331633e-14   -1.554312234475219e-15   2.739475313262573e-14
1.94063959897185e-15   1.712417379885157e-15   -1.223496021209846e-15   -2.027173375932374e-16
-6.106226635438361e-16   2.220446049250313e-16   -6.661338147750939e-16   0.
3.292505157403979e-15   1.343475569508256e-15   3.469446951953614e-18   -5.04831636563563e-18
-1.340063207693304e-15   2.964905911766437e-14   8.333284672711376e-16   2.77469348262558e-14
-1.318389841742373e-16   5.631075033346588e-17   1.65145674912992e-15   6.397612745557418e-15
4.98295729127703e-16   -3.283267534471449e-15   -3.593081893083309e-16   -3.065234477584614e-15
5.551115123125782e-17   -5.268008251846367e-14   -6.661338147750939e-16   5.204170427930421e-14
1.158165466400587e-15   -1.124607539946819e-14   -2.736319225837696e-16   -1.038901358211839e-14
6.106226635438361e-16   2.220446049250313e-16   6.661338147750939e-16   0.
1.171961258090369e-15   2.794241210160081e-14   -9.973104486186275e-16   2.5665479119164e-14
3.330669073875469e-16   -1.063038546078587e-14   -5.551115123125782e-17   1.143529715363911e-14
-2.288100144378308e-14   -6.739896583504693e-14   -2.626718166888981e-14   -6.803734407420639e-14
-9.43689570931383e-16   -7.632783294297951e-15   -3.108624468950438e-15   1.088018564132653e-14
3.330669073875469e-16   2.173261570703743e-14   -8.326672684688674e-16   -2.084443728733731e-14
2.087219286295294e-14   -6.206146707654625e-14   -2.142730437526552e-14   6.455946888195285e-14
-1.700029006457271e-16   -6.600080725005508e-18   -6.661338147750939e-16   7.957115597933411e-15
-6.786198795565268e-17   -2.548674616761998e-16   -5.788732796878604e-17   -3.692507908734205e-16
-5.551115123125782e-16   1.887379141862766e-14   2.220446049250313e-16   -1.870725796493388e-14
-1.734723475976807e-17   2.015260788107431e-17   -3.275157922644211e-15   -1.332380115525583e-14
2.370326157574709e-14   4.163336342344337e-14   -2.287059430727822e-14   -4.141131881851833e-14
9.43689570931383e-16   3.994027331089e-14   2.220446049250313e-16   -3.988476215965874e-14
-5.245160564230205e-10   -4.356484070361212e-9   5.244189948963479e-10   4.355761128735716e-9
9.992007221626408e-16   1.931788062847772e-14   -3.885780586188047e-16   1.740274591099932e-14
-1.006139616066548e-16   5.177065373618283e-18   -7.251144129583053e-16   -1.786414169802769e-14
-7.285838599102589e-17   1.744887871343858e-17   -4.1286418728248e-16   1.682504911218116e-14
0.   2.767278929873818e-14   0.   2.835822191218352e-14
2.27595720048157e-15   -7.355227538141662e-15   2.498001805406602e-15   5.523359547510153e-15
5.551115123125782e-17   2.165016213181991e-17   -1.595945597898662e-15   1.530138591786939e-14
2.498001805406602e-16   4.998375303065516e-16   -6.661338147750939e-15   -1.742676776538346e-14
0.   2.44804176929847e-14   0.   -2.69784194983913e-14
2.339429525602771e-9   3.108896473591471e-11   2.339022952045502e-9   3.103267642856621e-11
-1.769417945496343e-15   6.405059859229678e-15   -5.551115123125782e-17   3.02356880851895e-17
1.109306199653267e-16   1.59232720848508e-14   -7.681405014859202e-16   1.601586295038106e-14
8.048668554859972e-16   9.929260379020978e-15   -6.689527404235562e-16   7.474164516463321e-15
0.   5.551115123125782e-16   -4.996003610813204e-16   3.330669073875469e-16
-7.145951632134693e-16   -1.611102524157248e-15   9.43689570931383e-16   -1.110223024625156e-15
0.   -1.666110507889409e-14   0.   -1.75429951259938e-14
-1.221245327087672e-15   -3.866351683257107e-14   5.551115123125782e-17   3.880229471064922e-14
-3.330669073875469e-16   3.885780586188047e-15   8.326672684688674e-16   -4.413136522884997e-15
3.719488482454521e-16   5.058686661285983e-14   3.715047846027673e-16   5.11729863073055e-14
-7.794904595436134e-16   2.413718726704155e-16   1.641991113877695e-16   -6.190509714140807e-16
1.700029006457271e-16   -6.600080725005508e-18   6.661338147750939e-16   7.957115597933411e-15
-5.551115123125782e-16   -4.163336342344337e-16   -9.992007221626408e-16   1.665334536937734e-16
0.   2.048361480433413e-14   0.   -2.314815006343451e-14
4.656078847804139e-16   -6.19369327992504e-15   -9.992007221626408e-16   -3.802513859341161e-15
5.551115123125782e-17   -4.318767565791858e-14   1.110223024625156e-16   4.432565425815937e-14
-9.418411214792689e-16   2.588752372408904e-14   1.172569955301961e-15   2.738871005211246e-14
2.02615701994091e-14   1.293409823688307e-14   -1.926236947724646e-14   -1.279532035880492e-14
-1.192540099956851e-15   9.253950228779299e-16   1.11247371874733e-15   -5.635398205964132e-16
7.596578437449497e-16   -5.973625511966533e-16   -4.390360781550239e-16   3.244261358505225e-16
1.040834085586084e-17   5.942105531578367e-17   3.635980405647387e-15   1.397245220999959e-15
6.661338147750939e-16   -1.404432126150823e-14   -4.440892098500626e-16   1.368349877850505e-14
-2.568240387644743e-16   -2.46241609825278e-14   -6.08539223518772e-16   -2.50991499542937e-14
-7.382983113757291e-15   1.226796442210798e-14   6.772360450213454e-15   -1.307287611496121e-14
-3.330669073875469e-16   2.939315457695101e-14   6.106226635438361e-16   -2.964295475749168e-14
2.108287426339254e-11   -3.065238839066944e-11   2.269347210148708e-11   -3.304187522548685e-11
7.918112251006431e-16   -2.433088429647313e-14   2.384937897350843e-15   -2.362810444826803e-14