3.469446951953614e-18   -1.214306433183765e-17   -5.204170427930421e-17   -5.377642775528102e-17
-7.180128887285253e-17   -4.592680402648596e-16   -9.955686448848144e-17   4.518954654919582e-16
2.428612866367529e-17   -2.428612866367529e-17   -6.938893903907228e-18   5.204170427930421e-18
-3.469446951953614e-18   9.659143479261206e-17   -1.387778780781445e-17   -1.220931543080244e-17
1.908195823574487e-17   -3.816391647148975e-17   9.540979117872439e-17   -5.03069808033274e-17
-3.122502256758252e-17   -1.734723475976807e-17   1.561251128379126e-17   -1.734723475976807e-18
-3.989863994746656e-17   2.255140518769849e-17   -1.561251128379126e-17   8.673617379884035e-18
-1.214306433183765e-17   8.500145032286354e-17   -1.214306433183765e-17   1.561251128379126e-17
2.949029909160572e-17   -6.938893903907228e-18   -1.734723475976807e-17   5.03069808033274e-17
-1.485356976305141e-17   -3.556183125752454e-17   -9.649399335120989e-18   6.678685382510707e-17
1.908195823574487e-17   4.336808689942017e-17   -2.949029909160572e-17   -2.775557561562891e-17
0.   0.   -3.122502256758252e-17   3.469446951953614e-18
-7.285838599102589e-17   -6.418476861114186e-17   0.   1.734723475976807e-18
1.561251128379126e-17   1.387778780781445e-17   1.266348137463069e-16   -1.040834085586084e-17
-1.387778780781445e-17   -1.119261892112893e-16   9.324138683375338e-18   -1.084567422593357e-16
5.03069808033274e-17   -5.204170427930421e-17   1.734723475976807e-17   -8.673617379884035e-18
4.553649124439118e-18   8.673617379884035e-17   1.669671345627676e-17   -4.163336342344337e-17
-5.204170427930421e-18   4.121794505984191e-17   -1.29020058525775e-17   8.718811717322729e-17
1.561251128379126e-17   -1.119261892112893e-16   -1.561251128379126e-17   -1.171303596392198e-16
-1.734723475976807e-17   5.03069808033274e-17   2.949029909160572e-17   -6.938893903907228e-18
2.720046410331633e-15   8.777700788442643e-16   -1.942890293094023e-16   7.979727989493312e-17
5.930585883495709e-17   4.9439619065339e-17   -3.089976191583687e-17   -1.647987302177966e-17
9.8879238130678e-17   -8.500145032286354e-17   1.561251128379126e-17   -2.255140518769849e-17
-9.194034422677077e-17   8.153200337090993e-17   1.040834085586084e-17   -3.469446951953614e-18
2.931682674400804e-16   5.898059818321144e-17   -3.816391647148975e-17   -5.204170427930421e-17
-1.908195823574487e-17   1.734723475976807e-18   -1.387778780781445e-17   0.
1.778091562876227e-17   1.387778780781445e-17   2.250803710079907e-16   -3.295974604355933e-17
-5.204170427930421e-18   3.77484981078883e-17   -2.949029909160572e-17   5.336100939167956e-17
-1.214306433183765e-17   -2.60208521396521e-17   -8.673617379884035e-18   -1.040834085586084e-17
7.589415207398531e-19   2.688821387764051e-17   -1.31188462870746e-17   -5.290906601729261e-17
0.   3.77484981078883e-17   -3.577867169202164e-18   6.810615893748242e-17
1.561251128379126e-17   -2.255140518769849e-17   9.8879238130678e-17   -7.112366251504909e-17
-1.387778780781445e-17   -3.77484981078883e-17   5.204170427930421e-18   -7.417769110340124e-17
1.616484723854227e-13   -4.312106227644108e-13   -3.663735981263016e-13   -1.052491427344648e-13
-1.485356976305141e-17   7.54604712049911e-17   -1.832301671500502e-17   -5.811323644522303e-17
3.469446951953614e-18   7.591241457937802e-17   -3.469446951953614e-18   4.46873920117955e-17
-1.387778780781445e-17   -1.119261892112893e-16   1.31188462870746e-17   -1.075893805213473e-16
-1.734723475976807e-18   4.336808689942017e-17   2.255140518769849e-17   -5.204170427930421e-18
0.   2.363233325579846e-18   -8.326672684688674e-17   7.974815198399237e-18
-1.734723475976807e-18   8.500145032286354e-17   -2.081668171172168e-17   1.908195823574487e-17
5.455705331947058e-16   2.584737979205442e-16   -2.60208521396521e-18   -2.60208521396521e-18
-1.561251128379126e-17   8.673617379884035e-18   -3.989863994746656e-17   2.081668171172168e-17
3.816391647148975e-17   -1.214306433183765e-17   -1.387778780781445e-17   1.734723475976807e-17
1.42030484595601e-17   -2.367897544708341e-16   -2.396086801192964e-17   2.367897544708341e-16
1.561251128379126e-17   -4.683753385137379e-17   2.60208521396521e-17   6.938893903907228e-18
-1.908195823574487e-17   -1.908195823574487e-17   2.0643209364124e-16   -2.081668171172168e-17
-1.561251128379126e-17   8.673617379884035e-18   -2.949029909160572e-17   6.591949208711867e-17
1.006139616066548e-16   -4.011548038196366e-17   1.040834085586084e-17   3.773023560249555e-17
1.387778780781445e-17   3.526860772748001e-17   7.285838599102589e-17   -3.751306151406702e-17
-3.295974604355933e-17   -4.510281037539698e-17   -3.295974604355933e-17   -1.908195823574487e-17
1.734723475976807e-18   -3.469446951953614e-18   -3.295974604355933e-17   -3.989863994746656e-17
1.040834085586084e-17   -5.204170427930421e-18   1.040834085586084e-17   6.938893903907228e-18
-5.421010862427522e-19   7.719519468096791e-17   -1.26851654180804e-17   -4.423544863740858e-17
5.204170427930421e-17   -1.16226472890446e-16   1.908195823574487e-17   -2.775557561562891e-17
5.377642775528102e-17   -7.806255641895631e-17   1.856154119295183e-16   2.255140518769849e-16
5.204170427930421e-17   -6.418476861114186e-17   1.734723475976807e-17   -3.122502256758252e-17
-5.898059818321144e-17   -6.938893903907228e-18   0.   -6.938893903907228e-18
-1.734723475976807e-18   -9.8879238130678e-17   1.734723475976807e-18   -6.938893903907228e-18
-3.295974604355933e-17   -3.642919299551294e-17   1.734723475976807e-18   -3.469446951953614e-18
-4.683753385137379e-17   -3.989863994746656e-17   -1.908195823574487e-17   -3.642919299551294e-17
-1.110223024625156e-16   -2.949029909160572e-17   6.938893903907228e-18   -2.775557561562891e-17
-2.255140518769849e-17   2.255140518769849e-17   -2.255140518769849e-17   3.816391647148975e-17
1.35525271560688e-18   6.938893903907228e-18   5.035034889022682e-16   -5.199833619240479e-16
2.385244779468109e-18   -3.122502256758252e-17   -1.843143693225357e-17   5.03069808033274e-17
8.673617379884035e-18   -5.204170427930421e-18   -8.673617379884035e-18   0.
2.081668171172168e-17   -4.336808689942017e-17   8.326672684688674e-17   -8.153200337090993e-17
0.   0.   -3.122502256758252e-17   3.469446951953614e-18
2.255140518769849e-17   1.370431546021677e-16   -1.908195823574487e-17   4.336808689942017e-17
1.387778780781445e-17   5.336100939167956e-17   3.469446951953614e-18   5.856517981960998e-17
2.081668171172168e-17   -4.683753385137379e-17   4.857225732735059e-17   -5.03069808033274e-17
-4.163336342344337e-17   -3.989863994746656e-17   1.387778780781445e-17   3.989863994746656e-17
4.683753385137379e-17   -3.989863994746656e-17   1.908195823574487e-17   -3.816391647148975e-17
3.589312777996087e-20   -6.796692824636549e-19   3.589312777996087e-20   1.11590660617413e-16
3.469446951953614e-17   3.295974604355933e-17   8.326672684688674e-17   7.806255641895631e-17
-8.326672684688674e-17   7.806255641895631e-17   -3.469446951953614e-17   3.295974604355933e-17
5.421010862427522e-18   -4.336808689942017e-17   2.103352214621878e-17   4.857225732735059e-17
1.214306433183765e-17   -3.816391647148975e-17   -1.561251128379126e-17   -1.179611963664228e-16
5.204170427930421e-17   2.949029909160572e-17   1.908195823574487e-17   2.775557561562891e-17
-3.05311331771918e-16   -2.914335439641035e-16   2.303712776097199e-15   2.081668171172168e-16
8.673617379884035e-18   -5.204170427930421e-18   -8.673617379884035e-18   0.
1.387778780781445e-17   -6.796692824636426e-19   7.285838599102589e-17   -4.73591436192896e-17
-1.561251128379126e-17   -4.683753385137379e-17   3.295974604355933e-17   2.428612866367529e-17
-8.153200337090993e-17   -3.469446951953614e-17   -4.163336342344337e-17   -5.204170427930421e-18
1.561251128379126e-17   -2.255140518769849e-17   9.8879238130678e-17   -7.112366251504909e-17
-6.938893903907228e-17   -6.071532165918824e-17   -3.122502256758252e-17   1.908195823574487e-17
5.204170427930421e-18   2.428612866367529e-17   -8.673617379884035e-18   1.578598363138894e-16
-3.144186300207962e-18   2.60208521396521e-18   4.467929390176983e-16   8.118505867571457e-16
-1.734723475976807e-17   -6.079749245381767e-17   -1.387778780781445e-17   -3.19014796412476e-17
-1.561251128379126e-17   8.673617379884035e-18   -3.989863994746656e-17   2.081668171172168e-17
-2.157562323246153e-17   5.464378949326942e-17   6.16911036144252e-17   -8.066464163292153e-17
-6.938893903907228e-17   -6.071532165918824e-17   -3.122502256758252e-17   1.908195823574487e-17
-2.428612866367529e-17   -1.040834085586084e-17   1.734723475976807e-17   -1.387778780781445e-17
5.03069808033274e-17   -5.204170427930421e-17   1.734723475976807e-17   -8.673617379884035e-18
1.908195823574487e-17   2.949029909160572e-17   1.006139616066548e-16   8.500145032286354e-17
-3.295974604355933e-17   -3.642919299551294e-17   1.734723475976807e-18   -3.469446951953614e-18
8.673617379884035e-17   8.500145032286354e-17   5.551115123125782e-17   2.428612866367529e-17
4.388308293135079e-17   1.587271980518778e-16   -1.490777987167568e-19   -2.60208521396521e-18
0.   3.595144735050714e-18   -8.326672684688674e-17   1.856264299933778e-17
-2.081668171172168e-17   2.428612866367529e-17   -1.561251128379126e-17   -7.806255641895631e-17
-1.561251128379126e-17   6.938893903907228e-18   3.642919299551294e-17   -3.469446951953614e-18
4.553649124439118e-18   3.469446951953614e-17   -7.589415207398531e-18   -9.194034422677077e-17
-6.938893903907228e-18   -4.642211548777231e-17   5.204170427930421e-18   -7.417769110340122e-17
2.417770844642674e-17   4.423544863740858e-17   3.361026734705063e-18   -7.37257477290143e-17
-1.908195823574487e-17   3.469446951953614e-18   -1.214306433183765e-17   -8.847089727481716e-17
-1.908195823574487e-17   1.561251128379126e-17   -1.040834085586084e-17   -8.673617379884035e-18
-1.734723475976807e-18   5.162628591570276e-17   -2.49366499671666e-18   3.341168941794628e-17
0.   2.363233325579846e-18   7.979727989493312e-17   7.974815198399237e-18
1.214306433183765e-17   -1.561251128379126e-17   -4.336808689942017e-17   1.908195823574487e-17
2.720046410331633e-15   3.330669073875469e-15   7.827072323607353e-15   9.575673587391975e-16
-3.469446951953614e-18   2.823656309467394e-16   -2.949029909160572e-17   2.841003544227162e-16
-3.295974604355933e-17   -3.642919299551294e-17   1.734723475976807e-18   -3.469446951953614e-18
-1.409462824231155e-18   5.637851296924623e-17   8.998878031629686e-18   -6.678685382510707e-17
8.326672684688674e-17   8.500145032286354e-17   5.898059818321144e-17   1.561251128379126e-17
1.040834085586084e-17   -4.642211548777233e-17   0.   -3.080960420398107e-17
1.006139616066548e-16   8.500145032286354e-17   1.908195823574487e-17   2.949029909160572e-17
-2.289711096024886e-16   -1.27538700495081e-16   -2.150933217946741e-16   -1.136609126872666e-16
2.428612866367529e-17   -2.428612866367529e-17   -6.938893903907228e-18   5.204170427930421e-18
1.561251128379126e-17   -4.683753385137379e-17   -3.295974604355933e-17   2.428612866367529e-17
-5.898059818321144e-16   1.720845688168992e-15   -2.740863092043355e-15   1.665334536937734e-16
1.387778780781445e-17   6.029990329558678e-17   1.214306433183765e-17   5.683045634363317e-17
-1.387778780781445e-17   5.336100939167954e-17   7.914675859144182e-18   5.769781808162155e-17
1.925419166069755e-16   7.417769110340085e-17   2.236585189573095e-16   3.77484981078879e-17
8.673617379884035e-18   -5.204170427930421e-18   1.734723475976807e-18   -1.734723475976807e-17
1.485356976305141e-17   -3.209238430557093e-17   1.658829323902821e-17   7.892991815694472e-17
-2.108773225484306e-16   8.933825901280556e-17   2.123952055899103e-16   -4.423544863740858e-17
0.   0.   -3.122502256758252e-17   3.469446951953614e-18
-1.387778780781445e-17   3.526860772748001e-17   -2.081668171172168e-17   -4.110532824337251e-17
3.816391647148975e-17   4.336808689942017e-17   2.949029909160572e-17   1.908195823574487e-17
-2.710505431213761e-18   -8.153200337090993e-17   9.432558900623888e-18   6.245004513516505e-17
-9.649399335120989e-18   -2.072994553792284e-16   7.589415207398531e-19   2.159730727591124e-16
4.336808689942017e-17   3.295974604355933e-17   2.428612866367529e-17   2.949029909160572e-17
2.584614086940942e-16   5.509573286765597e-17   2.255016626505348e-16   1.866653987214303e-17
-3.642919299551294e-17   9.367506770274758e-17   -8.673617379884035e-18   8.673617379884035e-18
-2.740863092043355e-16   4.57966997657877e-16   0.   1.387778780781445e-17
-2.60208521396521e-17   5.162628591570276e-17   1.409462824231155e-18   3.254432767995788e-17
0.   0.   -7.45931094670027e-17   -6.245004513516505e-17
4.163336342344337e-17   3.469446951953614e-17   2.775557561562891e-17   2.255140518769849e-17
-8.847089727481716e-16   1.040834085586084e-16   5.898059818321144e-17   -6.938893903907228e-17
1.040834085586084e-17   0.   5.551115123125782e-17   3.469446951953614e-17
-1.214306433183765e-17   -2.081668171172168e-17   -2.949029909160572e-17   3.816391647148975e-17
1.908195823574487e-17   -2.775557561562891e-17   8.673617379884035e-17   -1.092875789865388e-16
-4.951503146742423e-20   -1.301042606982605e-18   -4.688336230428718e-16   1.296705798292663e-16
3.469446951953614e-18   -8.673617379884035e-18   -3.469446951953614e-17   -3.469446951953614e-17
-3.295974604355933e-17   3.469446951953614e-18   1.561251128379126e-17   -2.60208521396521e-17
1.908195823574487e-17   -2.775557561562891e-17   8.673617379884035e-17   -1.092875789865388e-16
2.636779683484746e-16   4.718447854656915e-16   1.457167719820518e-16   -1.387778780781445e-17
1.214306433183765e-17   -1.561251128379126e-17   -4.336808689942017e-17   1.908195823574487e-17
8.673617379884035e-18   -5.204170427930421e-18   1.734723475976807e-18   -1.734723475976807e-17
4.336808689942017e-19   6.505213034913026e-18   -1.305379415672547e-16   -5.681219383824043e-16
7.589415207398531e-19   -6.938893903907228e-17   9.432558900623888e-18   6.245004513516505e-17
-2.60208521396521e-17   5.551115123125782e-17   8.673617379884035e-18   8.673617379884035e-18
-8.673617379884035e-18   -1.734723475976807e-18   8.673617379884035e-18   -5.204170427930421e-18
-2.220322156985816e-16   7.24429676274248e-17   -2.235500987400613e-16   6.897352067547119e-17
2.376571162088225e-16   -1.439820485060749e-16   2.428612866367529e-17   5.551115123125782e-17
-3.469446951953614e-17   -3.122502256758252e-17   0.   1.734723475976807e-18
5.03069808033274e-17   -5.377642775528102e-17   1.561251128379126e-17   -2.081668171172168e-17
3.122502256758252e-17   2.949029909160572e-17   3.816391647148975e-17   2.775557561562891e-17
1.283695372222837e-16   -1.565237729533517e-16   -4.510281037539698e-17   -6.892257473655814e-17
1.734723475976807e-18   -6.203462677156359e-17   1.040834085586084e-17   -6.37693502475404e-17
1.637145280453111e-17   -5.03069808033274e-17   -9.649399335120989e-18   5.551115123125782e-17
1.734723475976807e-18   -1.040834085586084e-17   1.908195823574487e-17   -2.949029909160572e-17
1.734723475976807e-18   -3.469446951953614e-18   -3.295974604355933e-17   -3.989863994746656e-17
2.081668171172168e-17   -8.673617379884035e-17   -2.60208521396521e-17   -1.387778780781445e-17
-4.163336342344337e-17   3.295974604355933e-17   -2.775557561562891e-17   3.122502256758252e-17
-1.734723475976807e-17   -5.095141034859509e-17   -1.387778780781445e-17   -6.796692824636426e-19
-1.127570259384924e-16   -5.551115123125782e-17   -3.469446951953614e-18   8.465450562766818e-16
0.   2.715740617124952e-18   7.979727989493312e-17   7.974815198399237e-18
2.098891513667436e-16   7.591241457937765e-17   2.307058330784653e-16   1.519709292018941e-17
-6.26567211742951e-16   -1.964574336543734e-16   -4.607859233063393e-19   -1.734723475976807e-18
-3.295974604355933e-17   -2.255140518769849e-17   -6.765421556309547e-17   -9.020562075079396e-17
-5.377642775528102e-17   -3.295974604355933e-17   1.734723475976807e-18   1.040834085586084e-17
8.847089727481716e-17   -5.724587470723463e-17   1.127570259384924e-16   -2.654126918244514e-16
1.387778780781445e-17   2.08883346517052e-18   6.591949208711867e-17   1.182978681004649e-17
-1.734723475976807e-18   -2.775557561562891e-17   -2.949029909160572e-17   -2.081668171172168e-17
1.908195823574487e-17   2.775557561562891e-17   5.204170427930421e-17   2.949029909160572e-17
1.405126015541213e-16   -1.908195823574487e-17   2.081668171172168e-17   5.03069808033274e-17
-1.040834085586084e-17   6.938893903907228e-18   -3.816391647148975e-17   -7.285838599102589e-17
4.022390059921221e-17   -7.719519468096791e-17   -6.039006100744259e-17   6.678685382510707e-17
7.285838599102589e-17   -5.720522572451218e-17   1.387778780781445e-17   -3.19014796412476e-17
-1.214306433183765e-17   8.500145032286354e-17   -3.122502256758252e-17   -1.040834085586084e-17
1.543903893619358e-16   4.163336342344337e-17   5.03069808033274e-17   -1.908195823574487e-17
-1.908195823574487e-17   4.336808689942017e-17   2.949029909160572e-17   -2.775557561562891e-17
-2.949029909160572e-17   3.469446951953614e-17   1.040834085586084e-17   2.775557561562891e-17
1.006139616066548e-16   7.974815198399237e-18   -1.734723475976807e-17   1.96810724982817e-18
0.   2.363233325579847e-18   1.07552855510562e-16   4.541593863542966e-17
-5.204170427930421e-17   -6.938893903907228e-17   1.387778780781445e-17   -1.908195823574487e-17
1.908195823574487e-17   2.775557561562891e-17   5.204170427930421e-17   2.949029909160572e-17
1.387778780781445e-17   1.908195823574487e-17   -4.857225732735059e-17   1.214306433183765e-17
-1.387778780781445e-17   -1.220931543080244e-17   0.   9.659143479261206e-17
0.   9.166412822758935e-18   1.006139616066548e-16   -8.86945311703838e-18
-1.196959198423996e-16   -4.683753385137379e-17   1.491862189340054e-16   -2.775557561562891e-17
-2.081668171172168e-17   -4.163336342344337e-17   -6.938893903907228e-18   1.734723475976807e-18
-1.387778780781445e-17   0.   -1.734723475976807e-17   1.734723475976807e-18
5.301748623454116e-17   2.168404344971008e-17   -2.157562323246153e-17   -5.637851296924623e-17
-2.255140518769849e-17   -5.204170427930421e-18   -5.03069808033274e-17   7.45931094670027e-17
5.551115123125782e-17   -8.500145032286354e-17   -2.220446049250313e-16   9.540979117872439e-17
5.204170427930421e-17   -6.796692824637011e-19   -1.734723475976807e-17   -5.09514103485951e-17
-2.128364889172056e-9   -5.018724991145973e-9   -1.934887271997814e-9   -4.562502597948991e-9
2.081668171172168e-17   -4.683753385137379e-17   4.857225732735059e-17   -5.03069808033274e-17
-2.417770844642674e-17   4.423544863740858e-17   -3.361026734705063e-18   -7.37257477290143e-17
-4.232725281383409e-16   -2.949029909160572e-16   6.418476861114186e-17   -1.006139616066548e-16
1.29020058525775e-17   5.11743425413158e-17   -1.31188462870746e-17   -5.290906601729261e-17
8.326672684688674e-17   7.806255641895631e-17   3.469446951953614e-17   3.295974604355933e-17
-1.127570259384924e-16   -1.179611963664228e-16   -4.857225732735059e-17   -6.938893903907228e-17
2.428612866367529e-17   -7.07082441514476e-17   -1.734723475976807e-18   -3.427905115593466e-17
-5.03069808033274e-17   -4.336808689942017e-17   1.994931997373328e-16   4.857225732735059e-17
-1.561251128379126e-17   2.949029909160572e-17   2.428612866367529e-17   -1.734723475976807e-18
5.204170427930421e-18   2.428612866367529e-17   -5.03069808033274e-17   7.285838599102589e-17
-1.26851654180804e-17   -4.423544863740858e-17   -5.421010862427522e-19   7.719519468096791e-17
5.03069808033274e-17   -5.377642775528102e-17   1.561251128379126e-17   -2.081668171172168e-17
4.683753385137379e-17   1.006139616066548e-16   2.654126918244514e-16   1.110223024625156e-16
1.908195823574487e-17   2.949029909160572e-17   1.006139616066548e-16   8.500145032286354e-17
2.775557561562891e-17   1.734723475976807e-18   4.163336342344337e-17   -2.081668171172168e-17
1.561251128379126e-17   -4.683753385137379e-17   -3.295974604355933e-17   2.428612866367529e-17
3.642919299551294e-17   -5.204170427930421e-18   -1.561251128379126e-17   6.938893903907228e-18
5.551115123125782e-17   1.422473250300981e-16   -8.673617379884035e-18   1.214306433183765e-17
5.204170427930421e-17   2.949029909160572e-17   1.908195823574487e-17   2.775557561562891e-17
-7.806255641895631e-18   7.833360696207769e-18   -2.463307335887066e-16   5.217451904543368e-16
3.327687331785496e-16   -2.775557561562891e-17   2.476578753983764e-20   -3.469446951953614e-18
-8.673617379884035e-18   -1.734723475976807e-18   8.673617379884035e-18   -5.204170427930421e-18
-3.122502256758252e-17   -5.160498612994397e-17   -1.387778780781445e-17   -1.052575138768622e-17
-1.734723475976807e-18   7.244296762742441e-17   -5.421010862427522e-18   6.550407372351718e-17
-3.401857957927457e-16   1.769417945496343e-16   -8.555032767268433e-20   1.734723475976807e-18
1.231653667943533e-16   3.122502256758252e-17   1.908195823574487e-17   -3.122502256758252e-17
0.   -6.796692824636549e-19   8.673617379884035e-17   -4.735914361928959e-17
5.670377362099188e-17   -8.413408858487514e-17   -3.69712940817557e-17   5.464378949326942e-17
1.908195823574487e-17   2.949029909160572e-17   1.214306433183765e-16   7.806255641895631e-17
5.204170427930421e-18   7.591241457937802e-17   -1.734723475976807e-18   3.427905115593466e-17
-1.734723475976807e-18   -3.295974604355933e-17   5.204170427930421e-18   8.500145032286354e-17
1.908195823574487e-17   2.949029909160572e-17   1.214306433183765e-16   7.806255641895631e-17
3.469446951953614e-17   3.295974604355933e-17   8.326672684688674e-17   7.806255641895631e-17
8.673617379884035e-18   5.204170427930421e-18   -2.428612866367529e-17   -2.428612866367529e-17
1.561251128379126e-17   -2.081668171172168e-17   5.03069808033274e-17   -5.377642775528102e-17
4.336808689942017e-17   3.295974604355933e-17   2.428612866367529e-17   2.949029909160572e-17
7.285838599102589e-17   -4.73591436192896e-17   1.387778780781445e-17   -6.796692824636426e-19
0.   2.602311864988092e-18   7.979727989493312e-17   7.974815198399237e-18
1.908195823574487e-17   2.949029909160572e-17   1.734723475976807e-18   1.734723475976807e-18
-3.122502256758252e-17   8.019952436935135e-18   -1.387778780781445e-17   2.363233325579846e-18
1.485356976305141e-17   -3.209238430557093e-17   1.658829323902821e-17   7.892991815694472e-17
3.469446951953614e-17   -3.122502256758252e-17   3.469446951953614e-17   -1.16226472890446e-16
1.561251128379126e-17   -4.683753385137379e-17   -4.683753385137379e-17   -5.204170427930421e-17
-5.204170427930421e-18   -3.469446951953614e-17   1.734723475976807e-18   -1.16226472890446e-16
5.204170427930421e-18   6.550407372351721e-17   -1.984089975648473e-17   7.331032936541284e-17
3.122502256758252e-17   2.081668171172168e-17   4.093947403305264e-16   6.938893903907228e-18
3.469446951953614e-18   -6.79669282463658e-19   1.006139616066548e-16   -3.061245521912488e-17
3.295974604355933e-17   -1.214306433183765e-17   8.673617379884035e-18   6.938893903907228e-18
0.   -5.204170427930421e-18   1.734723475976807e-17   -2.428612866367529e-17
-1.110223024625156e-16   1.257674520083185e-16   -3.95516952522712e-16   2.141516131093368e-15
-5.204170427930421e-18   -3.122502256758252e-17   2.60208521396521e-17   -1.387778780781445e-17
1.006139616066548e-16   8.500145032286354e-17   1.908195823574487e-17   2.949029909160572e-17
2.981555974335137e-17   6.678685382510707e-17   3.794707603699265e-18   -6.158268339717665e-17
-3.989863994746656e-17   5.204170427930421e-18   3.486794186713382e-16   2.445960101127298e-16
-2.949029909160572e-17   -2.255140518769849e-17   -1.734723475976807e-18   -2.255140518769849e-17
-3.469446951953614e-18   3.774849810788827e-17   3.469446951953614e-18   5.683045634363315e-17
5.03069808033274e-17   -1.561251128379126e-17   0.   8.673617379884035e-18
-1.734723475976807e-18   4.336808689942017e-17   2.255140518769849e-17   -5.204170427930421e-18
1.214306433183765e-17   1.734723475976807e-18   1.908195823574487e-17   -1.908195823574487e-17
-4.163336342344337e-17   3.469446951953614e-17   -2.775557561562891e-17   2.255140518769849e-17
-1.734723475976807e-18   -3.295974604355933e-17   -1.908195823574487e-17   -1.040834085586084e-17
-1.734723475976807e-17   1.156708192770472e-17   5.204170427930421e-17   2.164249845035979e-18
-4.222527004698467e-16   -8.370040771588094e-17   -6.776263578034402e-20   -4.336808689942017e-19
1.498801083243961e-15   -5.93275428784068e-16   1.77635683940025e-15   -1.627170620466245e-15
8.673617379884035e-18   -2.116573867952915e-16   -1.387778780781445e-17   -2.238004511271291e-16
1.144917494144692e-16   -2.682164912623038e-17   0.   -1.052575138768624e-17
-1.734723475976807e-17   -1.734723475976807e-17   -8.673617379884035e-17   -4.336808689942017e-17
8.673617379884035e-18   -5.204170427930421e-18   1.734723475976807e-18   -1.734723475976807e-17
1.734723475976807e-17   -3.642919299551294e-17   -3.295974604355933e-17   -8.500145032286354e-17
1.908195823574487e-17   2.949029909160572e-17   1.006139616066548e-16   8.500145032286354e-17
6.505213034913026e-19   -2.60208521396521e-18   1.576972059880166e-16   1.509209424099822e-16
1.387778780781445e-17   7.417769110340124e-17   -5.09575021068187e-18   3.688113636989989e-17
1.734723475976807e-17   8.674535268738947e-17   -3.122502256758252e-17   -6.79669282463653e-19
2.081668171172168e-17   -4.683753385137379e-17   4.857225732735059e-17   -5.03069808033274e-17
-1.387778780781445e-17   1.401670344209125e-18   -2.081668171172168e-17   -2.057246330162469e-17
8.673617379884035e-18   4.29526685358187e-17   2.504507018441515e-17   4.121794505984189e-17
1.561251128379126e-17   2.255140518769849e-17   5.204170427930421e-18   8.673617379884035e-18
1.908195823574487e-17   2.775557561562891e-17   5.204170427930421e-17   2.949029909160572e-17
-1.734723475976807e-17   4.510281037539698e-17   8.500145032286354e-17   9.540979117872439e-17
7.589415207398531e-19   3.209238430557093e-17   -1.31188462870746e-17   -5.290906601729261e-17
1.008308020411519e-17   2.081668171172168e-17   1.008308020411519e-17   -7.45931094670027e-17
-1.214306433183765e-17   8.500145032286354e-17   -1.214306433183765e-17   1.561251128379126e-17
3.469446951953614e-18   -1.908195823574487e-17   -1.07552855510562e-16   -4.683753385137379e-17
-1.387778780781445e-17   2.363233325579846e-18   -3.469446951953614e-17   2.664676874669097e-17
9.367506770274758e-17   8.536164310425322e-17   0.   -1.732893088486533e-17
1.734723475976807e-18   -1.387778780781445e-17   8.673617379884035e-18   -6.418476861114186e-17
1.040834085586084e-17   -1.301042606982605e-17   1.144917494144692e-16   5.538104697055956e-16
-3.469446951953614e-18   4.46873920117955e-17   1.734723475976807e-18   7.07082441514476e-17
-3.295974604355933e-17   1.734723475976807e-18   -9.194034422677077e-17   -4.163336342344337e-17
-1.561251128379126e-17   2.255140518769849e-17   -1.908195823574487e-17   3.642919299551294e-17
-3.816391647148975e-17   2.255140518769849e-17   3.816391647148975e-17   -1.283695372222837e-16
-8.673617379884035e-18   1.578598363138894e-16   5.204170427930421e-18   2.428612866367529e-17
-3.469446951953614e-17   -3.122502256758252e-17   0.   1.734723475976807e-18
-9.575673587391975e-16   -3.261280134836397e-16   6.245004513516505e-17   2.081668171172168e-17
-1.908195823574487e-17   -1.040834085586084e-17   -1.734723475976807e-18   -3.122502256758252e-17
-1.040834085586084e-17   -1.273245504722482e-17   -3.122502256758252e-17   2.363233325579846e-18
2.775557561562891e-17   2.255140518769849e-17   4.163336342344337e-17   3.469446951953614e-17
-7.37257477290143e-18   3.903127820947816e-17   -2.64545330086463e-17   -8.760353553682875e-17
1.266348137463069e-16   -1.040834085586084e-17   1.561251128379126e-17   1.387778780781445e-17
1.006139616066548e-16   -2.682164912623039e-17   1.387778780781445e-17   -1.052575138768622e-17
2.27236386126512e-16   4.64221154877727e-17   2.324405565544425e-16   3.948322158386548e-17