-3.75394160201381e-15   3.386180225106727e-15   6.036837696399288e-16   -5.273559366969493e-15
-6.38378239159465e-16   9.43689570931383e-16   -4.996003610813204e-16   -7.771561172376095e-16
-1.387778780781445e-16   -2.498001805406602e-16   5.273559366969493e-16   6.938893903907228e-18
9.853229343548264e-16   0.   4.690692279041286e-15   2.55351295663786e-15
1.935951399190116e-15   -3.05311331771918e-16   -3.406996906818449e-15   1.249000902703301e-15
5.273559366969493e-16   -4.302114220422481e-16   -2.775557561562891e-17   -2.713107516427726e-15
-2.498001805406602e-16   -1.040834085586084e-16   7.771561172376095e-16   -6.938893903907228e-17
-1.665334536937734e-16   2.775557561562891e-16   -2.775557561562891e-16   4.996003610813204e-16
-3.885780586188047e-16   2.615963001773025e-15   -4.996003610813204e-16   -1.665334536937734e-16
-1.387778780781445e-16   -1.110223024625156e-16   -1.110223024625156e-16   -3.885780586188047e-16
-2.220446049250313e-16   -2.775557561562891e-16   -8.326672684688674e-17   1.110223024625156e-15
4.163336342344337e-17   -9.575673587391975e-16   1.346145417358002e-15   4.440892098500626e-16
1.975410796179803e-16   6.206472852957155e-16   -2.049147668086388e-16   -1.148754685184506e-16
2.498001805406602e-16   2.844946500601963e-16   1.665334536937734e-16   -1.249000902703301e-16
-1.581916946100595e-16   1.79161787142241e-15   -1.581916946100595e-16   1.014461754184801e-15
4.562322741819002e-16   1.221245327087672e-15   -4.267419750902945e-16   -7.771561172376095e-16
0.   2.081668171172168e-17   3.608224830031758e-16   -6.938893903907228e-17
-2.775557561562891e-17   2.914335439641035e-16   -3.608224830031758e-16   2.296773882193292e-15
4.440892098500626e-16   -3.330669073875469e-16   4.718447854656915e-16   2.220446049250313e-16
-2.161465451067101e-15   2.442490654175344e-15   9.315465065995454e-15   -9.658940314238861e-15
-2.046973701652632e-15   2.775557561562891e-16   6.626643678231403e-15   3.219646771412954e-15
2.296474121976643e-11   -3.012701199622824e-12   1.023181539494544e-11   2.160049916710704e-12
-2.775557561562891e-16   -3.330669073875469e-16   -3.608224830031758e-16   3.330669073875469e-16
9.617644276163298e-17   -1.264767365488714e-15   -1.4668484387512e-16   -5.361835055784552e-16
-1.652175471712889e-16   1.7038661974968e-16   2.788716626787736e-16   8.98970479659939e-16
5.999214940492999e-17   8.833257285337955e-16   -9.960241038493625e-17   5.398504802903877e-16
-1.134005970431302e-16   9.245226560411565e-15   -1.134005970431304e-16   -2.446496149331498e-15
3.598544111101335e-16   1.939053102054186e-16   -4.260143531648574e-17   -1.148754685184529e-16
-3.05311331771918e-16   -1.922073611382302e-15   -3.608224830031758e-16   -2.914335439641035e-16
-6.106226635438361e-16   -3.559652572704408e-15   -3.497202527569243e-15   -9.714451465470119e-16
2.393918396847993e-16   -2.248201624865942e-15   6.83481049534862e-16   -2.041769531224702e-15
1.942890293094023e-16   1.665334536937734e-16   3.330669073875469e-16   -3.885780586188047e-16
2.498001805406602e-16   4.996003610813204e-16   0.   3.885780586188047e-16
4.177914322919386e-16   1.903627959199621e-15   -7.119623901580921e-17   7.702855989450509e-15
-2.081668171172168e-15   -4.302114220422481e-15   1.110223024625156e-16   -2.47718512369488e-15
2.498001805406602e-15   -1.601149768326592e-15   -3.635980405647387e-15   7.216449660063517e-16
5.828670879282071e-16   1.137978600240785e-15   -4.864164626638967e-15   1.193489751472043e-15
-1.598784890861989e-17   -2.814089222122233e-16   1.783011804007825e-16   1.071691364065814e-16
2.338123316320233e-16   1.557413937339281e-16   -7.149900013989468e-17   -1.703866197497116e-16
3.05311331771918e-16   5.828670879282071e-16   -1.082467449009527e-15   -1.165734175856414e-15
4.250072516143177e-17   -1.498801083243961e-15   8.406903645452601e-16   3.719247132494274e-15
-8.881784197001252e-16   2.442490654175344e-15   0.   -8.881784197001252e-16
-2.743037058477111e-16   3.847248925628698e-16   5.876320153983578e-17   1.557413937339312e-16
8.01492205937393e-12   -3.041122909053228e-12   1.875832822406664e-12   5.684341886080801e-12
-1.387778780781445e-16   -6.661338147750939e-16   1.387778780781445e-16   1.665334536937734e-16
5.273559366969493e-16   -1.110223024625156e-15   1.665334536937734e-16   2.456368441983158e-15
-1.64423392592968e-16   3.604387638991953e-16   -1.366678169773391e-16   -1.148754685184498e-16
-1.52655665885959e-15   1.221245327087672e-15   -1.193489751472043e-15   -1.554312234475219e-15
-2.109423746787797e-15   -1.110223024625156e-16   4.163336342344337e-16   -6.106226635438361e-16
5.551115123125782e-17   1.098893111922683e-15   -1.498801083243961e-15   -1.976771610984196e-15
-4.440892098500626e-16   2.012279232133096e-16   1.110223024625156e-16   -1.929012505286209e-15
-3.952330232263793e-17   2.285997797249579e-16   2.986563671643435e-17   -2.814089222122233e-16
0.   -7.312210930503864e-15   0.   -7.256699779272606e-15
1.665334536937734e-16   -1.318389841742373e-16   -3.05311331771918e-16   4.371503159461553e-16
1.665334536937734e-16   1.27675647831893e-15   1.110223024625156e-16   -1.443289932012703e-15
-9.159339953157541e-16   1.998401444325281e-15   6.38378239159465e-16   -2.359223927328457e-15
5.111711171494599e-17   -1.597487911928662e-16   -4.60274029397552e-17   5.535691982825782e-17
2.844946500601963e-15   1.512678871051775e-15   -1.151856388048599e-15   -2.498001805406602e-15
-3.755870742646138e-16   -1.107605469060029e-14   3.755870742646152e-16   -2.757156912004513e-15
1.387778780781445e-16   -3.469446951953614e-17   3.608224830031758e-16   -2.983724378680108e-16
1.387778780781445e-16   -5.48172618408671e-16   -5.551115123125782e-17   7.91033905045424e-16
7.688667900968467e-16   1.090332839291148e-14   9.421643867349127e-16   -3.157503286781008e-15
2.775557561562891e-17   7.632783294297951e-17   0.   -2.081668171172168e-16
-1.328070560672467e-16   9.438438023343491e-16   -1.48458597008239e-17   7.703714547366684e-16
-1.665334536937734e-16   -1.90125692967058e-15   -4.996003610813204e-16   5.551115123125782e-17
-1.52655665885959e-15   -1.221245327087672e-15   5.551115123125782e-17   -3.05311331771918e-16
-1.942890293094023e-16   2.157996004115148e-15   1.942890293094023e-16   -1.318389841742373e-16
2.220446049250313e-15   2.164934898019055e-15   3.5527136788005e-15   -3.164135620181696e-15
3.05311331771918e-16   -4.857225732735059e-17   -2.775557561562891e-17   4.371503159461553e-16
1.110223024625156e-16   3.400058012914541e-16   1.110223024625156e-16   2.567390744445674e-16
-1.134005970431299e-16   8.762721769106532e-15   -1.134005970431301e-16   -2.079601054637238e-15
-2.081668171172168e-16   2.229119666630197e-16   -2.900457651833221e-15   -3.442558738075973e-15
-5.273559366969493e-16   1.554312234475219e-15   -7.494005416219806e-16   -1.332267629550187e-15
-7.119623901580838e-17   -1.101942194077628e-14   4.177914322919364e-16   -4.104436198050746e-17
-1.421168870440723e-16   -7.965895547349879e-16   3.135546055360839e-17   -5.953616315216783e-16
-3.755870742646128e-16   -1.010255205978863e-14   -3.755870742646124e-16   1.898785495886762e-16
7.771561172376095e-16   -9.710846159130821e-16   0.   -2.474374755628397e-16
6.057376822354854e-13   3.574918139293004e-13   -3.961275751862558e-13   8.44213587924969e-13
3.05311331771918e-16   8.881784197001252e-16   -3.919174013100601e-15   3.885780586188047e-16
3.885780586188047e-16   6.245004513516505e-17   1.110223024625156e-16   -1.318389841742373e-16
-8.326672684688674e-17   -1.52655665885959e-16   2.775557561562891e-17   -2.269018306577663e-15
-4.394039516311829e-18   -1.597487911928662e-16   -4.60274029397552e-17   5.535691982825782e-17
2.498001805406602e-16   -4.163336342344337e-16   -2.498001805406602e-16   -2.359223927328457e-16
-3.608224830031758e-16   3.95516952522712e-16   -2.220446049250313e-16   -1.65145674912992e-15
-7.720894617865356e-17   3.207373718103555e-16   -7.82000713958128e-18   8.897266719307482e-16
-1.556049550704525e-16   9.660685342219478e-15   -4.177914322919366e-16   -8.786498221503466e-16
1.720845688168992e-15   -7.216449660063517e-16   2.775557561562891e-16   8.326672684688674e-16
3.330669073875469e-16   -4.510281037539698e-16   1.665334536937734e-16   3.191891195797325e-16
-3.75587074264616e-16   -3.157503286781008e-15   -3.755870742646147e-16   1.013657077469467e-14
-1.110223024625156e-16   2.567390744445674e-16   2.775557561562891e-17   2.012279232133096e-16
-1.420299283867199e-16   -1.014461754184828e-15   -4.488541373201876e-17   -6.258836955660238e-16
2.775557561562891e-17   1.498801083243961e-15   8.326672684688674e-17   -2.331468351712828e-15
4.163336342344337e-16   5.759281940242999e-16   3.05311331771918e-16   5.204170427930421e-16
-2.775557561562891e-16   1.942890293094023e-16   1.942890293094023e-16   -1.387778780781445e-17
2.360963100475701e-16   2.622947241340935e-16   1.805851588163123e-16   2.622947241340935e-16
-7.494005416219806e-15   3.107236690169656e-14   -1.318389841742373e-14   -4.567179967551737e-14
-7.184683476928436e-17   -4.025011920909771e-17   1.710144518674686e-16   -8.521007059662434e-16
-1.942890293094023e-16   -1.533495552763497e-15   -6.938893903907228e-16   1.595945597898662e-16
4.996003610813204e-16   -1.501782639218296e-15   1.77635683940025e-15   3.289306760995147e-15
-1.110223024625156e-16   6.938893903907228e-18   -1.942890293094023e-16   5.967448757360216e-16
3.5527136788005e-15   -2.706168622523819e-15   1.665334536937734e-16   -9.055256544598933e-16
-3.870670240603043e-9   -1.854040403531726e-9   4.153863874436931e-9   1.989701907018009e-9
1.110223024625156e-16   -3.885780586188047e-16   1.387778780781445e-16   -5.551115123125782e-16
4.177914322919375e-16   -3.16607496589272e-15   -7.119623901580562e-17   9.131515190867727e-15
1.123545700920658e-13   -1.109667913112844e-13   2.282618538629321e-13   1.417199690934012e-13
3.108624468950438e-15   -2.692290834716004e-15   1.221245327087672e-15   -1.693090112553363e-15
5.329070518200751e-15   3.202919564770576e-16   2.886579864025407e-15   -1.034394280804034e-15
-1.941151119946976e-16   -1.495699380379922e-16   9.73184319694059e-17   -4.479423759060031e-16
-1.8617159596931e-9   6.705614508106805e-9   -1.734792216456784e-9   6.248442874223769e-9
5.773159728050814e-15   -8.527391698354336e-16   -7.549516567451064e-15   3.471383318798985e-15
-5.284661597215745e-14   -1.059152765492399e-13   8.36136715420821e-14   -3.310502913467239e-14
-9.124645483638005e-16   1.165734175856414e-15   5.551115123125782e-17   7.771561172376095e-16
3.608224830031758e-16   2.296773882193292e-15   1.387778780781445e-16   4.302114220422481e-16
5.551115123125782e-17   3.885780586188047e-16   -1.665334536937734e-16   -9.992007221626408e-16
-1.239320183772877e-16   2.285997797249548e-16   -5.454307933821544e-17   -2.814089222122264e-16
-5.755396159656811e-13   4.312994406063808e-12   3.680611371237319e-12   -1.826094830903457e-12
1.110223024625156e-16   -2.428612866367529e-16   -3.05311331771918e-16   1.387778780781445e-16
3.608224830031758e-16   9.020562075079396e-17   5.551115123125782e-17   2.366162821232364e-15
-6.106226635438361e-16   1.214306433183765e-16   1.054711873393898e-15   1.915134717478395e-15
-2.220446049250313e-16   5.412337245047638e-16   -1.942890293094023e-16   1.942890293094023e-16
-1.942890293094023e-16   -7.771561172376095e-16   -4.163336342344337e-16   6.106226635438361e-16
-1.831867990631508e-15   -4.883246584874712e-16   -2.386979502944086e-15   3.848484031454546e-15
-1.665334536937734e-16   -1.998401444325281e-15   -6.106226635438361e-16   -8.326672684688674e-17
-3.885780586188047e-16   -1.873501354054951e-16   1.942890293094023e-16   2.206568261442498e-15
7.149900013986135e-17   3.800968506848265e-17   2.519102416414492e-16   -7.148603035054516e-16
-5.876320153979279e-17   -4.872648873035454e-17   -3.501967455038963e-16   -4.373045473491593e-16
3.714482205024137e-16   -7.254981320622827e-16   2.88181493655527e-16   6.726889895750237e-16
6.262396244986502e-17   -6.786283583685575e-16   2.638518856631746e-16   2.373056369471965e-16
-4.26611537104264e-16   4.843393290591417e-16   -1.004835236206243e-16   3.316836631731827e-16
-3.755870742646149e-16   -1.052312105326837e-15   -3.755870742646145e-16   1.196651663582663e-14
2.220446049250313e-16   -1.054711873393898e-15   3.608224830031758e-16   6.106226635438361e-16
8.326672684688674e-17   -8.326672684688674e-16   -1.942890293094023e-16   1.665334536937734e-15
-1.110223024625156e-16   1.457167719820518e-16   -2.498001805406602e-16   -3.261280134836397e-16
-1.110223024625156e-16   5.551115123125782e-17   3.330669073875469e-16   -8.326672684688674e-17
3.885780586188047e-16   2.511879593214416e-15   1.665334536937734e-16   2.220446049250313e-16
-4.627088718035995e-16   -1.50551438824922e-16   9.240264050897867e-17   1.598201486885142e-17
-6.803594372123363e-16   -2.846329744816387e-15   -1.624049008143719e-15   -9.762978377133889e-16
-5.551115123125782e-17   -8.326672684688674e-16   -8.326672684688674e-17   4.440892098500626e-16
8.326672684688674e-17   -2.775557561562891e-16   1.110223024625156e-16   -4.440892098500626e-16
-2.220446049250313e-16   -2.567390744445674e-16   3.05311331771918e-16   -4.024558464266192e-16
-6.106226635438361e-16   3.747002708109903e-16   -1.942890293094023e-16   -7.424616477180734e-16
5.551115123125782e-17   -4.996003610813204e-16   1.665334536937734e-16   1.110223024625156e-16
-3.885780586188047e-16   3.05311331771918e-16   0.   -8.326672684688674e-17
-7.729590483602484e-17   -8.464997106126158e-17   2.071987452241715e-16   -4.03839090640994e-16
0.   -6.938893903907228e-17   -2.775557561562891e-17   4.302114220422481e-16
-1.582067810090848e-15   -6.036837696399288e-16   -4.718447854656915e-16   1.110223024625156e-16
1.942890293094023e-16   -1.387778780781445e-16   -4.996003610813204e-16   -2.761679773755076e-15
-2.878336590261194e-16   3.178058753653683e-16   -2.947725529300267e-16   5.53728268098214e-16
2.39522277670838e-16   4.288281778278642e-16   1.215610813044151e-16   1.507826179885438e-15
-4.440892098500626e-16   -5.551115123125782e-17   -2.775557561562891e-16   0.
1.665334536937734e-16   -1.387778780781445e-17   -2.775557561562891e-16   1.942890293094023e-16
-7.91033905045424e-16   6.661338147750939e-16   3.330669073875469e-16   1.110223024625156e-16
6.661338147750939e-16   3.191891195797325e-16   -3.885780586188047e-16   2.706168622523819e-16
1.387778780781445e-16   -1.110223024625156e-16   -2.775557561562891e-16   2.983724378680108e-16
-2.831068712794149e-15   5.079270337660091e-15   -4.607425552194399e-15   3.844147222764604e-15
-2.167155344068305e-13   5.355715870791755e-13   5.861977570020826e-13   2.078337502098293e-13
-8.326672684688674e-17   8.881784197001252e-16   -8.326672684688674e-17   -9.992007221626408e-16
8.326672684688674e-17   -3.330669073875469e-16   -6.938893903907228e-18   -5.100087019371812e-16
6.872075188035275e-20   1.066485434140668e-15   1.571627432231103e-19   -4.06829605475068e-15
1.598784890862817e-17   -1.386198008807093e-15   -2.060567560164031e-16   -9.872116093324282e-16
3.608224830031758e-16   2.775557561562891e-16   1.942890293094023e-16   -2.775557561562891e-16
-2.220446049250313e-16   7.632783294297951e-17   -1.665334536937734e-16   2.844946500601963e-16
-3.608224830031758e-16   8.326672684688674e-16   -1.387778780781445e-16   -1.110223024625156e-16
5.273559366969493e-16   -5.689893001203927e-16   6.38378239159465e-16   -2.296773882193292e-15
-1.623701173514291e-15   5.11223008370365e-15   -6.245004513516505e-16   -2.215241878822382e-15
7.727152251391089e-14   -1.887379141862766e-15   7.59392548843607e-14   2.042810365310288e-14
5.454307933821544e-17   -2.814089222122264e-16   1.239320183772877e-16   2.285997797249548e-16
-8.326672684688674e-17   3.538835890992686e-16   5.828670879282071e-16   -2.400857290751901e-15
2.8421709430404e-14   -2.042810365310288e-14   5.329070518200751e-15   3.5527136788005e-14
2.220446049250313e-16   -4.787836793695987e-16   8.326672684688674e-17   -1.040834085586084e-16
-3.930189507173054e-14   4.019007349143066e-14   7.23865412055602e-14   1.310063169057684e-14
-3.330669073875469e-16   8.604228440844963e-16   4.32986979603811e-15   -3.996802888650563e-15
0.   -3.733170265966206e-16   0.   -1.89987368545621e-15
4.635181127810028e-15   -8.631984016460592e-15   -1.279532035880492e-14   6.147859998861804e-15
-5.456968210637569e-11   1.965361207112437e-10   -2.046363078989088e-10   -1.13686837721616e-11
-1.942890293094023e-16   -3.885780586188047e-16   -8.326672684688674e-17   1.498801083243961e-15
6.341811702821039e-17   -4.648605458977183e-17   -1.655653818007281e-16   -4.593502418722519e-16
1.387778780781445e-16   -1.589006703994755e-15   4.163336342344337e-16   -5.134781488891349e-16
-7.105427357601001e-15   -1.598721155460225e-14   8.992806499463768e-15   -5.329070518200751e-15
3.663735981263016e-15   -3.330669073875469e-16   8.326672684688674e-16   5.662137425588298e-15
-2.720046410331633e-15   -2.692290834716004e-15   1.221245327087672e-15   2.164934898019055e-15
3.755870742646144e-16   2.329436748840101e-15   -3.755870742646139e-16   -1.017809111748734e-14