-7.285838599102589e-17   1.942890293094023e-16   -3.469446951953614e-18   -4.163336342344337e-16
-9.332812300755222e-16   -2.775557561562891e-17   1.03736463863413e-15   2.428612866367529e-16
9.714451465470119e-17   -3.608224830031758e-16   -6.938893903907228e-17   1.804112415015879e-16
1.387778780781445e-17   4.163336342344337e-17   -9.714451465470119e-17   -3.191891195797325e-16
4.718447854656915e-16   1.110223024625156e-16   9.43689570931383e-16   -1.110223024625156e-15
1.804112415015879e-16   2.498001805406602e-16   -1.110223024625156e-16   3.191891195797325e-16
1.52655665885959e-16   -3.469446951953614e-16   -6.938893903907228e-17   -2.775557561562891e-16
1.804112415015879e-16   -4.024558464266192e-16   -2.914335439641035e-16   -1.110223024625156e-16
3.663735981263016e-15   -9.998631019273937e-17   1.665334536937734e-15   -2.896540677610076e-16
1.110223024625156e-16   -4.996003610813204e-16   -1.110223024625156e-16   2.636779683484746e-16
3.469446951953614e-18   -1.52655665885959e-15   2.220446049250313e-16   1.415534356397074e-15
-1.344523165346311e-16   -3.846496300509929e-16   -4.771614273579083e-17   -3.083217971080134e-16
-3.208113715914159e-17   1.238548386730306e-15   -4.248947801500244e-17   1.141403872075605e-15
-1.387778780781445e-17   -3.05311331771918e-16   3.608224830031758e-16   -3.885780586188047e-16
-9.714451465470119e-17   8.326672684688674e-17   -1.52655665885959e-16   -1.387778780781445e-17
-1.52655665885959e-16   4.163336342344337e-17   -9.714451465470119e-17   8.326672684688674e-17
1.110223024625156e-16   1.665334536937734e-16   1.665334536937734e-16   2.636779683484746e-16
6.938893903907228e-17   1.249000902703301e-16   -2.359223927328457e-16   2.775557561562891e-17
4.551914400963141e-15   1.429412144204889e-15   2.220446049250313e-15   3.275157922644211e-15
-5.551115123125782e-16   -2.220446049250313e-16   7.771561172376095e-16   4.440892098500626e-16
-5.551115123125782e-17   1.249000902703301e-16   -1.665334536937734e-16   -3.608224830031758e-16
-1.570112198199515e-16   -1.436306862991661e-15   -4.598891735743585e-17   -1.363448477000636e-15
-3.62376795237651e-13   -5.940803404769212e-13   2.77111666946439e-13   1.093569679255779e-13
-5.204170427930421e-17   -9.471148427662033e-16   5.204170427930421e-17   -8.360925403036876e-16
1.831867990631508e-15   -1.27675647831893e-15   2.206568261442498e-15   3.538835890992686e-16
3.5527136788005e-15   -1.509903313490212e-14   -1.199040866595169e-14   -5.773159728050814e-15
3.330669073875469e-16   -1.942890293094023e-16   2.775557561562891e-17   -6.38378239159465e-16
-1.573413128156556e-16   -1.762983909197035e-15   -1.573413128156559e-16   -2.278013698598094e-16
3.330669073875469e-16   9.159339953157541e-16   1.831867990631508e-15   8.049116928532384e-16
-2.098185724883593e-16   7.04898448932136e-16   -8.1844549194645e-17   1.343082869323088e-15
-1.387778780781445e-17   -2.359223927328457e-16   -1.110223024625156e-16   -3.885780586188047e-16
-8.588005920728172e-17   -1.4178834341424e-16   -4.771614273579197e-17   -3.360773727236424e-16
2.343001407211973e-17   -6.138580022851685e-16   6.082779312351659e-18   -2.218104967144101e-16
-6.938893903907228e-16   -7.494005416219806e-16   6.522560269672794e-16   -2.081668171172168e-16
-2.775557561562891e-17   1.804112415015879e-16   -3.330669073875469e-16   3.191891195797325e-16
4.163336342344337e-17   -4.302114220422481e-16   -2.081668171172168e-16   2.220446049250313e-16
-3.816391647148975e-17   -9.159339953157541e-16   1.52655665885959e-16   1.249000902703301e-15
-2.428612866367529e-16   1.249000902703301e-16   5.273559366969493e-16   2.914335439641035e-16
1.665334536937734e-16   -1.593864958162297e-15   4.996003610813204e-16   -7.404232942603711e-16
0.   -1.515689336387872e-15   0.   2.939080549920568e-15
-9.628840006314133e-17   -6.140479353786553e-16   -5.118558968774435e-17   -6.869063213696812e-16
-4.302114220422481e-16   1.665334536937734e-16   -6.938893903907228e-17   6.106226635438361e-16
-1.126445544741739e-17   -9.29352801507712e-16   -1.014700761982113e-16   -9.74455611883109e-16
-1.804112415015879e-16   2.220446049250313e-16   -2.636779683484746e-16   1.249000902703301e-16
3.3655135053474e-16   -1.15528165988342e-15   -2.081518209219773e-16   -1.363448477000637e-15
8.881784197001252e-16   -4.718447854656915e-16   -1.360023205165816e-15   4.649058915617843e-16
-1.387778780781445e-16   7.077671781985372e-16   2.775557561562891e-16   1.387778780781445e-16
-5.551115123125782e-17   2.498001805406602e-16   -6.938893903907228e-17   5.967448757360216e-16
-9.714451465470119e-17   -9.714451465470119e-17   2.636779683484746e-16   8.326672684688674e-17
-9.714451465470119e-17   -4.163336342344337e-17   -2.949029909160572e-17   -1.665334536937734e-16
-1.387778780781445e-17   1.554312234475219e-15   -1.318389841742373e-16   -1.110223024625156e-15
4.076600168545496e-17   9.714451465470119e-17   -6.635317295611287e-17   5.551115123125782e-17
6.938893903907228e-17   -5.134781488891349e-16   -6.938893903907228e-17   -4.163336342344337e-17
4.163336342344337e-17   -1.387778780781445e-16   4.163336342344337e-17   1.665334536937734e-16
-1.032272939670485e-16   -1.169159447691233e-15   -6.159393054360519e-17   -1.141403872075604e-15
1.318389841742373e-16   -1.249000902703301e-16   3.469446951953614e-17   1.52655665885959e-16
-1.110223024625156e-16   3.191891195797325e-16   8.326672684688674e-17   -3.05311331771918e-16
1.387778780781445e-16   -1.110223024625156e-16   3.608224830031758e-16   2.775557561562891e-17
-2.936728952194255e-17   1.168350510599488e-17   -2.936728952194255e-17   -1.298940945384999e-15
-3.816391647148975e-17   -1.387778780781445e-15   1.144917494144692e-16   1.193489751472043e-15
-2.359223927328457e-16   -8.326672684688674e-17   2.081668171172168e-16   -4.440892098500626e-16
-1.387778780781445e-17   -3.885780586188047e-16   1.665334536937734e-16   1.110223024625156e-16
-2.220446049250313e-16   8.326672684688674e-16   -3.295974604355933e-16   -5.828670879282071e-16
2.109423746787797e-15   2.759294528975608e-17   2.498001805406602e-15   5.779339680433981e-16
-2.775557561562891e-16   -1.387778780781445e-17   2.220446049250313e-16   2.498001805406602e-16
-3.747002708109903e-16   -2.775557561562891e-17   -1.249000902703301e-16   -1.387778780781445e-17
5.898059818321144e-17   -9.193592671505744e-16   2.012279232133096e-16   -9.262981610544816e-16
-2.498001805406602e-16   -6.938893903907228e-17   8.326672684688674e-17   -3.05311331771918e-16
1.942890293094023e-16   -5.689893001203927e-16   -5.412337245047638e-16   5.134781488891349e-16
9.714451465470119e-17   5.551115123125782e-17   6.938893903907228e-17   1.387778780781445e-17
-1.47488985946139e-17   -4.126300790718599e-16   2.558679636577679e-16   -2.773216479456689e-16
3.05311331771918e-16   -3.608224830031758e-16   4.440892098500626e-16   4.163336342344337e-17
0.   3.469446951953614e-18   -3.885780586188047e-16   3.434752482434078e-16
1.665334536937734e-16   -2.676454290974239e-17   4.996003610813204e-16   -3.975910456809456e-16
4.164835961868129e-17   1.22467059892249e-15   4.511780657063491e-17   1.248956727586166e-15
1.942890293094023e-16   7.216449660063517e-16   -2.498001805406602e-16   2.498001805406602e-16
-1.727225378357842e-18   -1.085892720844347e-15   -6.070782356156928e-17   -1.006095440949414e-15
-3.469446951953614e-17   -9.43689570931383e-16   -4.40619762898109e-16   1.082467449009527e-15
-2.936728952194255e-17   4.009082449537591e-16   -2.936728952194225e-17   1.762661077104239e-15
2.775557561562891e-17   -1.249000902703301e-16   -5.551115123125782e-17   -4.163336342344337e-17
-1.040834085586084e-15   -9.575673587391975e-16   9.159339953157541e-16   1.082467449009527e-15
-2.081668171172168e-16   2.220446049250313e-16   4.163336342344337e-17   -4.302114220422481e-16
1.387778780781445e-17   -4.996003610813204e-16   -4.57966997657877e-16   4.163336342344337e-17
-1.57341312815657e-16   -4.078947026751583e-16   -1.57341312815657e-16   1.035637554323902e-15
-1.387778780781445e-16   -1.804112415015879e-16   -1.665334536937734e-16   -1.942890293094023e-16
6.938893903907228e-17   1.249000902703301e-16   -2.359223927328457e-16   2.775557561562891e-17
1.061162876320187e-17   1.942890293094023e-16   5.33000564257452e-16   4.440892098500626e-16
9.543228547158453e-17   1.429367969087753e-15   -1.21205700389775e-17   1.529981930694408e-15
4.57966997657877e-16   -8.326672684688674e-17   0.   -3.747002708109903e-16
-2.220446049250313e-16   2.359223927328457e-16   -8.326672684688674e-17   -1.804112415015879e-16
1.249000902703301e-16   5.967448757360216e-16   2.359223927328457e-16   1.665334536937734e-16
-6.938893903907228e-17   4.163336342344337e-16   1.249000902703301e-16   -4.57966997657877e-16
-2.936728952194249e-17   4.649104219901308e-16   -2.936728952194236e-17   1.65172973200428e-15
-6.157893434836681e-17   -1.169159447691235e-15   3.209613335438077e-17   -1.141403872075606e-15
-2.386979502944086e-15   2.289834988289385e-16   1.082467449009527e-15   4.093947403305264e-16
2.506712913274581e-16   -1.00262599399746e-15   1.188323071532207e-16   -9.74870418381832e-16
-1.110223024625156e-16   3.05311331771918e-16   0.   5.273559366969493e-16
-6.106226635438361e-16   1.110223024625156e-16   -1.665334536937734e-16   -4.718447854656915e-16
-9.714451465470119e-17   7.632783294297951e-16   -2.914335439641035e-16   2.498001805406602e-16
1.318389841742373e-16   1.942890293094023e-16   5.273559366969493e-16   3.05311331771918e-16
1.222867579099348e-16   -1.169159447691235e-15   -2.613332360395284e-18   -1.151812212931467e-15
-1.804112415015879e-16   4.718447854656915e-16   4.163336342344337e-17   -1.52655665885959e-16
-4.944336811414848e-17   -1.113648296459976e-15   -2.168779249851957e-17   -1.151812212931466e-15
-1.249000902703301e-16   1.249000902703301e-16   -9.714451465470119e-17   1.52655665885959e-16
4.163336342344337e-17   4.024558464266192e-16   -1.52655665885959e-16   3.05311331771918e-16
3.454450756715685e-18   1.363448477000635e-15   -2.532846236878517e-16   1.068545486084578e-15
-2.081668171172168e-16   -4.440892098500626e-16   9.714451465470119e-17   -9.714451465470119e-17
3.50338247995241e-15   9.228295211327619e-15   -3.296733545876673e-15   -9.207478529615897e-15
-2.609024107869117e-15   -6.661338147750939e-16   8.881784197001252e-16   -5.828670879282071e-16
9.414691248821327e-14   -1.852962228099386e-13   -1.438849039914202e-13   -1.519895320711839e-13
4.163336342344337e-17   -2.914335439641035e-16   5.134781488891349e-16   -6.938893903907228e-17
4.440892098500626e-16   -6.938893903907228e-17   4.440892098500626e-16   -3.747002708109903e-16
2.309011814215222e-18   -2.220446049250313e-16   3.53804942090116e-15   6.661338147750939e-16
-3.885780586188047e-16   1.332267629550187e-15   -1.332267629550187e-15   -3.885780586188047e-16
1.998401444325281e-15   4.551914400963141e-15   7.993605777301127e-15   1.221245327087672e-15
-4.163336342344337e-17   -5.134781488891349e-16   -1.249000902703301e-16   -2.775557561562891e-17
-6.938893903907228e-17   5.967448757360216e-16   -4.163336342344337e-17   2.498001805406602e-16
9.522233873820886e-18   -1.797463038154899e-15   4.570808906758371e-16   -1.270107101457949e-15
5.551115123125782e-17   -2.220446049250313e-16   -2.220446049250313e-16   -2.498001805406602e-16
5.204170427930421e-17   -4.718447854656915e-16   1.734723475976807e-17   2.775557561562891e-16
-1.491862189340054e-16   -8.326672684688674e-17   3.469446951953614e-18   3.330669073875469e-16
-2.081668171172168e-16   -4.440892098500626e-16   -3.469446951953614e-16   1.942890293094023e-16
-1.52655665885959e-16   -1.165734175856414e-15   -5.898059818321144e-17   1.026956297778269e-15
-2.936728952194236e-17   2.197181402119781e-15   -2.936728952194239e-17   -1.638994408564988e-16
-9.714451465470119e-17   -3.05311331771918e-16   4.163336342344337e-17   5.551115123125782e-17
-1.942890293094023e-16   -6.938893903907228e-17   -1.110223024625156e-16   6.938893903907228e-17
0.   1.387778780781445e-16   -2.775557561562891e-17   -1.110223024625156e-16
1.387778780781445e-16   3.747002708109903e-16   -1.387778780781445e-17   -3.330669073875469e-16
-2.081668171172168e-17   1.137978600240785e-15   -2.775557561562891e-17   -1.27675647831893e-15
2.211734941382318e-16   -3.085466705132515e-16   8.239561606008728e-17   -3.363022461288804e-16
-5.898059818321144e-17   1.137978600240785e-15   5.551115123125782e-17   -1.137978600240785e-15
-2.936728952194225e-17   -1.873915254296995e-15   -2.936728952194255e-17   -2.896540677610077e-16
-8.326672684688674e-17   -1.665334536937734e-16   2.498001805406602e-16   4.857225732735059e-16
5.551115123125782e-16   4.059252933785728e-16   -1.387778780781445e-17   -1.040834085586084e-17
-9.714451465470119e-17   2.220446049250313e-16   -6.938893903907228e-17   -4.302114220422481e-16
-1.865174681370263e-13   -5.46229728115577e-13   5.400124791776761e-13   -2.362554596402333e-13
4.163336342344337e-17   4.024558464266192e-16   -1.52655665885959e-16   3.05311331771918e-16
-1.160096324559489e-16   8.326672684688674e-17   1.203464411458909e-17   5.551115123125782e-17
4.57966997657877e-16   -9.714451465470119e-17   8.326672684688674e-17   8.326672684688674e-17
-6.938893903907228e-17   -4.302114220422481e-16   -9.714451465470119e-17   2.220446049250313e-16
-2.775557561562891e-17   -5.689893001203927e-16   -1.665334536937734e-16   2.775557561562891e-17
2.220446049250313e-16   -1.249000902703301e-15   -6.661338147750939e-16   -8.604228440844963e-16
-3.608224830031758e-16   -2.393918396847993e-16   -2.220446049250313e-16   5.204170427930421e-17
3.814892027625005e-17   -1.196915023306864e-15   3.45445075671391e-18   -1.30793732576938e-15
0.   6.596366720425202e-17   0.   1.328842357715367e-15
1.179611963664228e-16   -1.082467449009527e-15   1.318389841742373e-16   1.082467449009527e-15
5.273559366969493e-16   3.330669073875469e-16   -1.040834085586084e-15   -1.068589661201713e-15
5.551115123125782e-16   2.957703526540456e-16   7.216449660063517e-16   -1.144050132406704e-15
-1.52655665885959e-16   -3.191891195797325e-16   3.191891195797325e-16   1.110223024625156e-16
1.787725523172412e-11   6.323830348264891e-12   -5.414335646491963e-12   1.63353774951247e-11
-3.608224830031758e-16   2.775557561562891e-17   -1.942890293094023e-16   -1.110223024625156e-16
-2.936728952194255e-17   -1.229376822987464e-16   -2.936728952194255e-17   -1.743627893502273e-15
4.163336342344337e-17   -4.440892098500626e-16   2.116362640691704e-16   5.273559366969493e-16
1.240289794835315e-16   -6.136331288799325e-16   -7.810004690705792e-18   -3.083217971080145e-16
2.02615701994091e-15   1.360023205165816e-15   -8.465450562766818e-16   -1.235123114895486e-15
5.551115123125782e-17   1.110223024625156e-16   4.57966997657877e-16   -1.249000902703301e-16
-2.083167790696104e-17   1.169159447691233e-15   3.454450756714255e-18   1.307937325769378e-15
4.718447854656915e-16   -4.024558464266192e-16   9.714451465470119e-17   1.52655665885959e-16
-3.05311331771918e-16   5.551115123125782e-17   -2.498001805406602e-16   5.551115123125782e-17
2.914335439641035e-16   -6.938893903907228e-17   5.551115123125782e-17   3.330669073875469e-16
-1.249000902703301e-16   4.163336342344337e-17   3.469446951953614e-16   -6.245004513516505e-17
5.898059818321144e-17   1.471045507628332e-15   -9.367506770274758e-17   -1.387778780781445e-15
1.387778780781445e-17   1.804112415015879e-16   4.440892098500626e-16   -3.469446951953614e-16
-3.747002708109903e-16   1.249000902703301e-16   -1.804112415015879e-16   1.665334536937734e-16
-1.232347557333923e-14   -5.051514762044462e-15   5.939693181744587e-15   -4.607425552194399e-15
-3.191891195797325e-16   5.551115123125782e-17   9.714451465470119e-17   3.330669073875469e-16
1.422473250300981e-16   1.332267629550187e-15   -1.040834085586084e-16   -1.443289932012703e-15
-2.053912595556539e-15   3.767819389821625e-15   1.609823385706477e-15   -4.458239333260394e-15
-1.981748098955904e-14   3.375077994860475e-14   3.169686735304821e-14   1.332267629550187e-15
1.476389478985332e-17   1.224670598922491e-15   -8.238061986484786e-17   1.418959628231893e-15
-1.040834085586084e-16   1.082467449009527e-15   3.122502256758252e-17   -1.082467449009527e-15
-3.05311331771918e-16   -5.551115123125782e-17   -1.387778780781445e-16   -2.775557561562891e-17
-4.163336342344337e-17   1.665334536937734e-16   0.   -1.52655665885959e-16
-9.714451465470119e-17   8.326672684688674e-17   -1.52655665885959e-16   -1.387778780781445e-17
1.131039706336878e-15   -8.430756093247282e-16   -8.673617379884035e-16   1.387778780781445e-17
1.52655665885959e-16   -3.469446951953614e-16   8.326672684688674e-17   1.804112415015879e-16
-5.551115123125782e-17   5.048964603484471e-17   3.330669073875469e-16   -1.284743906963802e-15
-2.081668171172168e-16   -2.775557561562891e-16   -6.938893903907228e-17   6.938893903907228e-17
2.775557561562891e-17   -1.665334536937734e-16   -2.498001805406602e-16   4.857225732735059e-16
-2.936728952194239e-17   -5.219362527603513e-16   -2.936728952194255e-17   -5.180339822177072e-16