-7.996856747629897e-20   3.330669073875469e-15   1.335081123163098e-20   -3.330669073875469e-15
-3.802227331093783e-21   2.497586387043e-15   -4.615491226013559e-21   -1.244846719067286e-16
-2.138289685479511e-15   -5.995204332975845e-15   6.084597455492821e-16   -5.925815393936773e-15
-6.041650684962226e-22   4.297960036786466e-16   5.120762482403304e-22   -2.220446049250313e-16
-8.763175587220026e-16   6.713591079291453e-16   -2.253773115565316e-15   -7.110652650755053e-15
3.137311137415664e-17   -2.664535259100375e-15   -1.661367031563451e-17   -1.332267629550187e-15
2.030442785895682e-24   1.332267629550187e-15   -1.104819352836631e-24   2.442490654175344e-15
-9.242618573218574e-21   -1.346560835721603e-15   -7.512171170774829e-21   -3.385764806743126e-15
-2.389027040617623e-21   -1.831452572267907e-15   8.756929742704721e-21   9.857383527184279e-16
1.828349750672353e-23   -1.77635683940025e-15   4.086301422597418e-23   -3.5527136788005e-15
-2.070902696001502e-22   2.332299188440031e-15   1.230131217683539e-21   1.180442800391432e-15
1.823433823105975e-16   -3.440860539610782e-15   -3.401596520688189e-17   3.220477608140156e-15
-5.998133103856143e-21   1.77635683940025e-15   8.952636355196669e-22   -1.77635683940025e-15
6.534617829921015e-23   -1.110223024625156e-15   7.22649690075625e-22   -1.998401444325281e-15
3.552024156403358e-22   2.442490654175344e-15   7.32470247136418e-22   0.
-1.387778780781445e-17   -5.162628591570276e-17   0.   2.560543377605065e-17
3.153700853941814e-20   2.442490654175344e-15   7.456621275594491e-20   -8.881784197001252e-16
-8.200736256224823e-17   -2.576826443323903e-16   -4.453485741347011e-16   -1.736334906528121e-16
9.959764909076928e-19   -3.5527136788005e-15   4.300616686416622e-18   -1.845745778439322e-15
2.101150691987071e-22   3.330669073875469e-15   -3.343977755144552e-22   -3.330669073875469e-15
2.775557561562891e-16   1.501407378748793e-17   -1.110223024625156e-16   -1.108127060285612e-16
-3.96483569860384e-21   -1.554312234475219e-15   -7.888836175214075e-22   1.110223024625156e-15
-2.33023609165988e-15   8.912655410343891e-15   1.559194032705851e-15   -1.172673069760321e-14
-6.191356459549776e-22   -3.5527136788005e-15   2.858537381682311e-21   -1.845745778439322e-15
6.938893903907228e-18   -1.275387004950806e-16   -6.938893903907228e-18   -1.144917494144692e-16
-2.036256214643621e-22   9.857383527184279e-16   2.039774701794039e-22   -1.77635683940025e-15
-2.710505431213761e-18   -2.081668171172168e-17   1.810617628050792e-17   5.724587470723463e-17
2.642975824689459e-23   3.330669073875469e-15   -3.562345384757615e-23   -3.330669073875469e-15
-1.642041395682318e-21   -3.557938971954552e-15   -1.181155576055212e-21   -1.845745778439322e-15
-4.503822022015066e-20   -1.428996725841287e-15   -4.291561361080746e-20   -1.499216501607562e-15
1.463672932855431e-17   -5.637851296924623e-17   4.228388472693467e-18   7.37257477290143e-17
9.215718466126787e-18   3.729655473350135e-17   2.656295322589485e-17   -6.505213034913026e-17
8.121482477869022e-20   -1.318805260105974e-15   -1.955133634106964e-19   -1.831452572267907e-15
3.620274183518996e-22   -1.554312234475219e-15   9.0060473862031e-22   -1.332267629550187e-15
9.649399335120989e-18   -9.97465998686664e-17   -1.832301671500502e-17   -1.179611963664228e-16
-5.588775396697821e-21   -3.330669073875469e-15   2.634703420919534e-20   -1.40165656858926e-15
3.156142642736493e-17   -3.440860539610782e-15   6.696979096564173e-18   3.178844244716713e-15
1.27675647831893e-15   9.224332367263452e-16   -1.387778780781445e-15   -8.431415595037041e-16
-1.855093123840258e-20   1.3457299989944e-15   -9.505935892607585e-21   5.10702591327572e-15
-8.275148900883679e-23   -2.220446049250313e-16   -4.832531506813022e-23   -2.220446049250313e-16
-5.551115123125782e-17   -3.113929571956712e-16   1.110223024625156e-16   1.184370932251593e-17
-1.088374614717888e-20   -1.77635683940025e-15   2.442251918543063e-21   -3.5527136788005e-15
-3.768383051154563e-21   2.442490654175344e-15   -1.643591025871955e-21   1.332267629550187e-15
-1.513283361414346e-19   -3.5527136788005e-15   1.454294306135889e-19   -1.179611963664228e-15
-2.478878125397764e-16   1.180442800391432e-15   2.448159276349106e-16   2.442490654175344e-15
9.757819552369539e-19   -6.331740687315345e-17   -1.810617628050792e-17   2.341876692568689e-17
-2.310029357931255e-20   3.178844244716713e-15   2.433911427627342e-20   -3.330669073875469e-15
-2.065819792895771e-16   -1.332267629550187e-15   -8.721093692922906e-17   -2.664535259100375e-15
-5.300308667443784e-18   2.511107522682994e-16   1.942890293094023e-16   -2.928292425029418e-16
1.672913577740083e-23   -1.554312234475219e-15   4.83971565143584e-23   -1.373900992973631e-15
1.665334536937734e-16   -3.411832032992542e-16   -3.885780586188047e-16   5.089179051043451e-17
-6.937965673966916e-21   -3.330669073875469e-15   2.144979572978077e-21   3.289035710452026e-15
-1.950955203269197e-22   -1.146631094894548e-15   -3.491918217195897e-22   -2.003626737479333e-15
5.146840855129136e-16   2.910388965186824e-15   -9.155644411585026e-16   -1.073746128879417e-14
-2.55795384873636e-13   -4.831690603168681e-13   -3.240074875066056e-12   4.916955731459893e-12
1.163071660146264e-16   2.442490654175344e-15   5.264707523978731e-16   -6.938893903907228e-17
-4.669341936488767e-23   -1.332267629550187e-15   3.74748210796903e-23   -1.77635683940025e-15
1.786917908682293e-20   -1.110223024625156e-15   3.15466287117153e-20   -3.5527136788005e-15
8.362557303495307e-21   -1.332267629550187e-15   1.24650330216513e-20   -1.77635683940025e-15
-7.354733743893399e-16   2.442490654175344e-15   9.334862509416432e-18   1.290634266126744e-15
-1.190501060179916e-22   -1.332267629550187e-15   -1.072536385445087e-23   -1.77635683940025e-15
-3.277828861922234e-23   -6.661338147750939e-16   -1.967348339765639e-23   -4.440892098500626e-16
2.039900390337724e-22   -1.499216501607562e-15   -2.718627494966086e-23   -1.387363362417844e-15
1.125013618744069e-16   -2.220446049250313e-16   -2.066063095000531e-16   4.440892098500626e-16
-2.297165508034931e-23   -1.332267629550187e-15   1.562732983774754e-23   -3.330669073875469e-15
-5.440092820663267e-15   0.   -8.104628079763642e-15   1.06581410364015e-14
-4.972492066419139e-23   3.330669073875469e-15   -2.995201953429702e-23   -3.330669073875469e-15
-1.387778780781445e-17   0.   -1.908195823574487e-17   0.
1.385439377698011e-22   0.   7.298179767334132e-23   2.442490654175344e-15
1.131676572694422e-20   5.416491428683653e-16   -1.052637105638091e-20   2.497586387043e-15
2.220446049250313e-16   5.336731084175719e-17   -2.220446049250313e-16   -2.702128275365416e-16
-6.839243971056393e-24   -3.5527136788005e-15   2.497313623328313e-23   -1.845745778439322e-15
8.8808329677364e-19   -1.332267629550187e-15   7.796812386980058e-19   -1.77635683940025e-15
-6.769771760922562e-23   -1.77635683940025e-15   2.105784990050702e-22   -1.373900992973631e-15
1.02431264977017e-16   -1.318805260105974e-15   5.672282210354306e-18   -1.831452572267907e-15
-6.356837652813382e-20   4.996834447540407e-15   5.932482008378175e-20   -5.259681579161679e-15
4.420430698280315e-22   2.442490654175344e-15   -2.688907144772347e-22   1.332267629550187e-15
9.571025614737882e-17   1.270810715750383e-14   -1.359853392334391e-16   -3.187944721343113e-15
1.220026454378153e-22   -4.440892098500626e-16   -7.812582389017131e-23   -6.661338147750939e-16
-7.998925202161192e-17   -1.332267629550187e-15   5.77340061549282e-17   -1.554312234475219e-15
4.186844638636796e-22   3.330669073875469e-15   -5.420524837419757e-22   -3.330669073875469e-15
-5.960591054341404e-22   -2.220446049250313e-16   -1.85438278553921e-21   4.440892098500626e-16
8.312097186364847e-22   -1.318805260105974e-15   -2.408653083541756e-21   -1.831452572267907e-15
-4.145915569694679e-15   -2.109423746787797e-14   -1.398943998026138e-15   2.087219286295294e-14
3.045925848200205e-20   5.162121646143376e-15   -2.601290467988754e-21   3.275573341007813e-15
-5.0194180047964e-23   -3.330669073875469e-15   1.500029812201983e-22   -1.40165656858926e-15
2.465792021283824e-21   -3.330669073875469e-15   2.202267910698955e-21   -1.332267629550187e-15
-2.689005336554231e-15   -6.232924817363033e-15   1.83253075394014e-15   -1.312838726619247e-14
4.700805864107072e-23   3.330669073875469e-15   -8.157489380093344e-23   -3.330669073875469e-15
-4.546338156612105e-20   -3.440860539610782e-15   2.029990886322911e-20   3.289035710452026e-15
-4.662327686736581e-16   3.547899143528307e-16   -1.16634319254549e-16   8.543682525775225e-17
6.315645938429565e-23   -1.428996725841287e-15   -2.487729031021705e-23   -1.499216501607562e-15
-3.324064122282558e-16   -3.851772569643332e-17   3.708123420182888e-16   -2.220446049250313e-15
8.272202882358974e-19   5.162121646143376e-15   -1.865247855610655e-18   3.275573341007813e-15
2.286475982756242e-23   3.330669073875469e-15   -4.296450460820061e-23   -3.330669073875469e-15
-1.342029191883668e-22   1.332267629550187e-15   -2.184663370586857e-22   2.442490654175344e-15
1.72862677482662e-16   -3.330669073875469e-15   -5.743730223066194e-16   3.330669073875469e-15
-1.231223255892598e-15   -4.884981308350688e-15   -7.325682158107468e-16   -3.508304757815494e-14
4.179557972365644e-20   -1.332267629550187e-15   5.784528705254613e-20   -1.77635683940025e-15
1.978493085920559e-21   -1.831452572267907e-15   9.724610963318966e-22   9.857383527184279e-16
5.242379178587752e-23   -1.332267629550187e-15   3.408747332291321e-22   -3.330669073875469e-15
-3.474171045011266e-16   -2.189574835907674e-15   -1.6686663958271e-16   3.247402347028582e-15
1.532985352182901e-21   2.442490654175344e-15   -1.110250774794677e-20   1.332267629550187e-15
2.303242217455346e-23   -4.440892098500626e-16   -2.358338897188924e-21   -6.661338147750939e-16
-2.23261398101365e-22   -1.831452572267907e-15   1.377189758159893e-21   9.857383527184279e-16
-1.094770140687194e-15   -1.554312234475219e-15   -7.347533817054252e-16   1.110223024625156e-15
-3.68122757878498e-18   3.330669073875469e-15   -2.106278318527407e-18   -3.330669073875469e-15
-2.260381700192298e-22   3.330669073875469e-15   7.487495600514363e-22   5.10702591327572e-15
-1.550566354821563e-18   1.180442800391432e-15   9.136838444447185e-18   2.332299188440031e-15
1.084874721325335e-22   2.497586387043e-15   -3.140861897785765e-23   6.110380819074375e-16
-1.017425512637929e-21   -1.831452572267907e-15   -6.258654829020483e-22   -1.373900992973631e-15
-8.43046281463385e-20   -1.77635683940025e-15   -6.604561816129192e-21   -1.373900992973631e-15
3.479733988085527e-23   2.497586387043e-15   1.323207313809897e-23   -9.432741525677815e-16
1.110223024625156e-16   5.771310271315153e-17   -2.220446049250313e-16   1.321828332287082e-17
2.959482788326822e-23   -3.330669073875469e-15   9.099130138281817e-23   -2.955968803064479e-15
4.440892098500626e-16   -8.715337226694882e-17   -4.996003610813204e-16   -2.105542146342291e-16
2.596066454997802e-23   -1.332267629550187e-15   2.351308927964663e-23   -1.77635683940025e-15
5.397697596450128e-20   -1.831452572267907e-15   4.102680865346192e-20   9.857383527184279e-16
-3.464265058538265e-17   2.497586387043e-15   -1.516127169210343e-16   6.110380819074375e-16
-7.225185727513777e-21   2.442490654175344e-15   7.451374634462943e-22   5.967448757360216e-16
7.008316310365405e-18   -1.318805260105974e-15   -9.410680873651258e-18   -1.831452572267907e-15
-2.159106081895595e-16   2.442490654175344e-15   1.458681218873803e-17   1.290634266126744e-15
-2.004760189825327e-20   -1.77635683940025e-15   -1.989930120090589e-21   -3.5527136788005e-15
2.25219822051591e-15   -1.4210854715202e-14   3.041936463724028e-15   -1.687538997430237e-14
-8.673617379884035e-18   6.203462677156357e-17   3.469446951953614e-18   -8.111658500730844e-17
1.001185779049263e-16   -1.831452572267907e-15   2.524576037090686e-17   9.857383527184279e-16
-3.469446951953614e-18   -6.723879719949399e-17   -1.908195823574487e-17   6.029990329558676e-17
-1.797555730101518e-20   -1.831452572267907e-15   -9.244002130785312e-20   -1.277171896682531e-15
1.452996228241136e-20   4.297960036786466e-16   -3.163865322436989e-21   -1.669488720573749e-16
5.197561787462942e-23   -3.440860539610782e-15   6.592324747754447e-23   3.178844244716713e-15
3.643221912068011e-22   1.332267629550187e-15   -4.459095077628347e-22   2.442490654175344e-15
-1.459497005956644e-20   3.330669073875469e-15   -9.764864189636316e-21   -3.330669073875469e-15
1.133999896719537e-22   -2.705337785796616e-15   1.062053080611818e-21   -1.4424590952855e-15
-3.114951898976578e-19   2.442490654175344e-15   3.591563341847105e-20   1.290634266126744e-15
-1.723206506650018e-20   1.110223024625156e-15   -4.009791677681647e-21   -1.77635683940025e-15
-5.76667097060176e-21   2.332299188440031e-15   8.644238773959365e-21   1.290634266126744e-15
-7.120082292864737e-16   -1.318805260105974e-15   -2.756849568237757e-16   -1.77635683940025e-15
2.108594307305853e-20   -1.332267629550187e-15   2.467478800111691e-20   -3.330669073875469e-15
-1.774295077009835e-22   -3.440860539610782e-15   6.466458093462697e-22   3.178844244716713e-15
-1.281959233638899e-17   9.857383527184279e-16   5.040271705798908e-18   -1.77635683940025e-15
-7.589415207398531e-19   2.654126918244514e-16   -1.485356976305141e-17   2.740863092043355e-16
-8.137648520470184e-22   -3.5527136788005e-15   1.399123905696619e-22   -1.845745778439322e-15
-2.306154301975984e-21   1.332267629550187e-15   -9.122046906524735e-21   2.442490654175344e-15
1.779501174397243e-15   3.085678768125259e-15   -2.287437304976839e-15   -5.61143614914749e-15
2.407388172177988e-18   9.857383527184279e-16   3.191368532146712e-18   -1.831452572267907e-15
-1.505686688999451e-15   -6.439293542825907e-15   -6.208939525399336e-15   7.105427357601001e-15
-3.05827864063498e-17   2.497586387043e-15   -1.053518467929062e-16   -5.509573286765634e-17
7.607087957752839e-21   2.442490654175344e-15   2.358481330185196e-19   -9.575673587391975e-16
-1.468278698425335e-15   1.4210854715202e-14   5.533420101414039e-16   -1.110223024625156e-15
-1.214306433183765e-17   8.500145032286354e-17   -1.214306433183765e-17   1.561251128379126e-17
4.349605735070519e-19   3.330669073875469e-15   4.205399935451793e-19   5.10702591327572e-15
-1.909583602355269e-14   -4.440892098500626e-15   1.509903313490212e-14   -2.575717417130363e-14
8.621085181287214e-22   -2.220446049250313e-15   -6.405243477635042e-22   6.661338147750939e-16
1.703212431397188e-23   2.497586387043e-15   -1.485679295653616e-23   -5.509573286765634e-17
-1.035542116064993e-16   4.440892098500626e-16   -1.030325600857515e-15   7.549516567451064e-15
-7.806255641895631e-18   -1.292368989602721e-16   7.806255641895631e-18   -1.144917494144692e-16
-2.474170400840582e-19   -1.831452572267907e-15   2.701602623373076e-19   1.040834085586084e-15
1.081672151144926e-15   9.714866883833721e-15   -2.28009086343768e-15   3.385764806743126e-15
-4.062048734271657e-16   0.   -8.035385728416456e-17   2.442490654175344e-15
-1.665334536937734e-16   -5.219627785308607e-17   -5.551115123125782e-17   2.70386581658045e-17
1.665334536937734e-16   5.110302496240226e-16   6.661338147750939e-16   1.660971253294922e-16
4.612082943412518e-21   1.77635683940025e-15   -2.344757331522158e-20   -1.77635683940025e-15
-2.047220640206022e-16   -3.330669073875469e-15   -3.169136957045925e-16   3.330669073875469e-15
3.416375575359454e-17   4.749604231927015e-16   2.14589452034636e-16   -5.520243909783143e-15
-1.281297131347254e-16   1.207782957643459e-15   3.673827341784654e-16   3.719662550857875e-15
1.658829323902821e-17   5.551115123125782e-17   -2.49366499671666e-18   -9.714451465470119e-17
-5.978805086902732e-16   1.383051278144582e-17   -2.62542335394223e-16   3.634325620905808e-16
1.430468484347994e-20   -5.187034420431863e-16   2.523655127976351e-21   -6.713591079291453e-16
-1.380014646668775e-16   -1.110223024625156e-15   -2.551117073124753e-16   -6.661338147750939e-16
3.511199259554857e-18   -1.678796906381947e-15   4.940889957315216e-19   1.0551272917575e-15
-2.201945284292922e-23   -1.110223024625156e-15   1.62034411427033e-22   -3.5527136788005e-15
2.674506606025092e-22   -2.900873070196822e-15   5.128932422291552e-23   -3.385764806743126e-15
-1.835439172825731e-23   3.20618440196874e-15   -2.136044146285683e-23   5.162121646143376e-15
5.617054576133976e-20   1.180442800391432e-15   1.467638392177302e-19   2.332299188440031e-15
-2.022019635333583e-20   -3.330669073875469e-15   -7.681628429158711e-21   -2.955968803064479e-15
6.22863562462048e-22   -1.554312234475219e-15   5.868153543138279e-22   -1.332267629550187e-15
-3.577278919692473e-21   -1.499216501607562e-15   -4.221352062612371e-21   -1.428996725841287e-15
2.72896639893765e-15   -1.66224741560347e-14   4.298826669251475e-15   1.268741369406942e-14
3.794707603699265e-18   6.678685382510707e-17   4.87890977618477e-18   4.423544863740858e-17
2.480244078424809e-21   -1.346560835721603e-15   -1.288866774048781e-21   -3.385764806743126e-15
2.664535259100375e-15   -1.77635683940025e-15   -2.8421709430404e-14   -1.110223024625156e-14
2.539157502779344e-20   3.941707155782907e-15   -6.644453016777469e-20   5.162121646143376e-15
4.971200551775817e-23   2.442490654175344e-15   -6.472442456572171e-23   1.332267629550187e-15
1.169640303629453e-21   -3.440860539610782e-15   -2.968007971174921e-22   3.220477608140156e-15
9.217199570863128e-18   5.10702591327572e-15   3.995495818515474e-18   1.332267629550187e-15
-4.623018282289604e-16   1.0551272917575e-15   7.635326005244185e-16   -1.623701173514291e-15
-3.325844692318733e-22   -1.332267629550187e-15   4.572017817036208e-22   -1.554312234475219e-15
-1.647530997889088e-18   -3.440860539610782e-15   3.358345869836677e-18   3.289035710452026e-15
9.073545329519184e-22   -1.4424590952855e-15   1.240175666629165e-21   -2.705337785796616e-15
4.013184409686149e-23   -1.77635683940025e-15   3.7798495971636e-22   -1.373900992973631e-15
-1.541160971809016e-21   -3.5527136788005e-15   8.74094861220706e-22   -1.845745778439322e-15
4.996003610813204e-16   -8.470210410482735e-16   -6.661338147750939e-16   4.719994064334033e-16
2.571843123808458e-22   -3.440860539610782e-15   7.993463123057917e-22   3.178844244716713e-15
4.003272064648299e-22   -5.187034420431863e-16   3.760951714543748e-24   -6.713591079291453e-16
5.321806212236249e-25   -2.363378110964472e-16   1.457317150453395e-22   -1.669488720573749e-16
-1.187204169523601e-16   -9.024716258715411e-16   1.302574621942535e-15   5.162121646143376e-15
-7.502224370464844e-19   -3.5527136788005e-15   4.984310425849886e-20   -1.845745778439322e-15