7.114958991716559e-10   -5.547770687286401e-9   -7.578479801778701e-10   5.909189582098406e-9
-1.554312234475219e-15   -1.704670747008224e-15   -1.110223024625156e-15   3.477381956603492e-15
-4.618527782440651e-14   -8.881784197001252e-16   1.687538997430237e-14   7.105427357601001e-15
-8.326672684688674e-16   1.685598069738952e-15   -2.775557561562891e-16   -1.843624844335344e-15
2.983377433984912e-14   5.240252676230738e-14   6.269637586875376e-14   7.105427357601001e-15
-4.440892098500626e-16   6.38378239159465e-16   -8.881784197001252e-16   6.522560269672794e-16
-3.252719156581144e-17   2.033515001222014e-15   -3.252719156581158e-17   -5.185553538130074e-15
1.875358050275333e-15   -1.341652754605765e-15   -1.899400233450199e-15   -1.56472057533108e-15
7.153788068420016e-16   6.975546664175479e-16   -1.727996128581236e-16   9.195992713425792e-16
8.326672684688674e-17   -6.106226635438361e-16   1.110223024625156e-16   2.442490654175344e-15
-3.252719156581144e-17   -8.814524016579108e-15   -3.252719156581144e-17   -1.419145424338906e-16
-6.38378239159465e-16   5.551115123125782e-16   -3.05311331771918e-16   -4.440892098500626e-16
-2.609024107869117e-15   -3.635980405647387e-15   8.437694987151189e-15   9.992007221626408e-16
-1.471045507628332e-15   1.013512190839449e-15   -2.081668171172168e-16   -1.179178282795234e-15
-8.863590635849553e-17   3.657387184826025e-16   -3.31247551272377e-17   7.543167771014073e-16
2.581268532253489e-15   2.817190924986334e-15   -1.582067810090848e-15   -3.039235529911366e-15
-1.054711873393898e-15   1.27675647831893e-15   3.885780586188047e-16   -4.163336342344337e-16
5.273559366969493e-16   -3.538835890992686e-16   4.440892098500626e-16   8.326672684688674e-17
6.307763263338179e-9   2.539525034706002e-9   6.718685450709722e-9   2.704968027344989e-9
-1.654926196081874e-15   1.443289932012703e-15   3.250871793980536e-15   8.215650382226158e-15
2.775557561562891e-16   -9.992007221626408e-16   4.440892098500626e-16   4.996003610813204e-16
-3.78281840219537e-16   -3.644877590300021e-16   2.878519745555569e-16   -2.918000715667862e-15
5.551115123125782e-17   1.20042864537595e-15   1.665334536937734e-16   -9.228728892196613e-16
-4.352074256530613e-14   1.021405182655144e-14   3.819167204710538e-14   -4.574118861455644e-14
-3.252719156581144e-17   -2.177818662029689e-15   -3.252719156581152e-17   -6.49479081211553e-15
-4.996003610813204e-16   -9.714451465470119e-17   -1.665334536937734e-16   -2.775557561562891e-17
-1.665334536937734e-16   1.804112415015879e-16   2.220446049250313e-16   -1.151856388048599e-15
7.789754733528869e-17   -5.67631712366917e-18   -3.176194051874233e-16   2.233071817052693e-16
8.760945911977685e-16   -8.520289499823054e-16   3.4989964868747e-15   2.332923351911112e-15
-1.665334536937734e-16   -2.775557561562891e-16   5.551115123125782e-16   -1.332267629550187e-15
-1.498801083243961e-15   -2.813220874117928e-15   -9.43689570931383e-16   1.322436125576032e-15
-1.942890293094023e-16   -9.783840404509192e-16   2.220446049250313e-16   -3.469446951953614e-17
5.551115123125782e-17   4.996003610813204e-16   8.326672684688674e-17   -1.720845688168992e-15
4.440892098500626e-16   -2.220446049250313e-16   -1.387778780781445e-16   8.326672684688674e-17
6.938893903907228e-16   6.591949208711867e-16   5.828670879282071e-16   -2.359223927328457e-16
-1.748601263784621e-15   -3.885780586188047e-16   1.221245327087672e-15   -5.551115123125782e-17
-2.220446049250313e-16   3.469446951953614e-17   -3.330669073875469e-16   -1.006139616066548e-15
-3.885780586188047e-16   3.469446951953614e-17   -5.551115123125782e-17   2.914335439641035e-16
-1.387778780781445e-15   1.998401444325281e-15   -2.775557561562891e-16   -3.885780586188047e-16
2.775557561562891e-16   -1.665334536937734e-15   2.220446049250313e-16   3.885780586188047e-16
3.31247551272377e-17   1.177589305239748e-15   -1.889198497977936e-16   6.988056258701494e-16
-3.252719156581154e-17   5.202010298314668e-15   -3.252719156581154e-17   3.0205667920296e-16
-5.551115123125782e-17   9.714451465470119e-17   5.551115123125782e-17   8.187894806610529e-16
-3.820203483072061e-9   -2.229541572252734e-9   3.58655574549625e-9   2.09317403687681e-9
-2.220446049250313e-16   4.857225732735059e-17   1.387778780781445e-16   4.857225732735059e-16
4.163336342344337e-16   -6.661338147750939e-16   5.273559366969493e-16   8.881784197001252e-16
-3.885780586188047e-16   -2.775557561562891e-17   -8.326672684688674e-17   -4.996003610813204e-16
-2.775557561562891e-17   6.938893903907228e-17   1.942890293094023e-16   -2.775557561562891e-17
2.238639610399487e-17   -1.38632378058316e-15   2.444310010290261e-16   -1.441834931814418e-15
-3.044143521191875e-16   9.977457219643495e-16   1.951860089621328e-16   1.108768024426865e-15
-2.301047233948495e-16   -1.83041299043322e-15   1.584733352239552e-16   -6.09167663345548e-16
-3.608224830031758e-16   -1.52655665885959e-16   1.387778780781445e-16   1.186550857568136e-15
1.665334536937734e-16   6.730727086790011e-16   -4.163336342344337e-16   6.938893903907228e-17
2.664535259100375e-15   -5.773159728050814e-15   -5.329070518200751e-15   4.130029651605582e-14
-1.054711873393898e-15   -2.081668171172168e-17   1.52655665885959e-15   1.477984401532239e-15
-4.440892098500626e-16   -9.992007221626408e-16   1.665334536937734e-16   8.881784197001252e-16
-3.252719156581144e-17   -7.143509489169808e-16   -3.252719156581151e-17   6.438272336778075e-15
4.163336342344337e-16   -1.609823385706477e-15   4.718447854656915e-16   1.221245327087672e-15
1.110223024625156e-16   1.249000902703301e-16   5.273559366969493e-16   5.759281940242999e-16
8.326672684688674e-17   1.221245327087672e-15   8.326672684688674e-17   -1.054711873393898e-15
2.775557561562891e-17   3.261280134836397e-16   0.   8.53483950180589e-16
1.783930372829231e-16   -1.361469993693295e-15   -4.530463079726346e-16   -1.198405986951475e-15
0.   2.220446049250313e-15   0.   -3.330669073875469e-15
4.718447854656915e-16   -6.245004513516505e-17   2.220446049250313e-16   1.297573160030651e-15
2.775557561562891e-17   -5.898059818321144e-16   -4.718447854656915e-16   -4.163336342344337e-17
-3.252719156581144e-17   -4.006428259227295e-15   -3.252719156581153e-17   4.014179396846632e-16
-3.07995921527718e-16   9.734678049714795e-16   1.777266517457879e-16   3.559062475237362e-16
0.   -1.332267629550187e-15   0.   5.10702591327572e-15
2.791187655849118e-15   1.110223024625156e-15   -1.08824432710368e-14   -1.06581410364015e-14
6.106226635438361e-16   -5.342948306008565e-16   1.110223024625156e-16   9.020562075079396e-17
9.759300448107331e-17   1.127766088459796e-15   -1.244516004439579e-16   1.030621573805095e-15
-8.326672684688674e-17   -3.885780586188047e-16   -1.110223024625156e-16   -8.881784197001252e-16
2.775557561562891e-17   -4.787836793695987e-16   5.551115123125782e-17   2.428612866367529e-16
-3.608224830031758e-16   1.387778780781445e-16   -8.604228440844963e-16   3.747002708109903e-16
1.522071760595871e-16   1.979543053362314e-16   4.297629322158763e-16   1.141643876267614e-15
-2.075609486825055e-16   -9.019076366589608e-16   -8.696441831343712e-16   5.981858317815323e-15
6.491038997779019e-17   1.471635605095271e-16   3.702217217497082e-16   -3.00395096292489e-16
-5.059797022178954e-9   -3.489611148298057e-9   -5.389420506230095e-9   -3.716954917822188e-9
-3.885780586188047e-16   6.661338147750939e-16   -5.551115123125782e-17   -2.220446049250313e-16
3.581569408544864e-17   1.053256873195608e-15   -2.578602990104799e-16   -9.977457219643507e-16
-5.369179511603173e-18   3.102275672513486e-16   2.166754254134281e-16   6.432944746388956e-16
1.915134717478395e-15   -2.831068712794149e-15   1.054711873393898e-15   -1.27675647831893e-15
-4.779163176316103e-16   1.665334536937734e-16   1.244664094013359e-16   5.828670879282071e-16
1.52655665885959e-15   1.734723475976807e-16   -2.498001805406602e-15   3.677613769070831e-16
-2.775557561562891e-16   -1.110223024625156e-15   1.665334536937734e-16   2.609024107869117e-15
3.411270258573652e-16   -8.867234195018372e-16   -1.723511230317696e-16   -1.181626410417894e-15
-6.661338147750939e-16   -3.538835890992686e-16   -5.551115123125782e-16   -1.387778780781445e-16
0.   -7.632783294297951e-17   0.   1.040834085586084e-16
2.775557561562891e-16   7.216449660063517e-16   -2.55351295663786e-15   1.748601263784621e-15
8.953288601122779e-17   -1.559988551598869e-15   -2.365951274724119e-16   -1.972852738881349e-15
-6.730727086790011e-16   -3.164135620181696e-15   6.522560269672794e-16   5.551115123125782e-17
-2.174260771425906e-12   -1.838529328779259e-12   -2.213340621892712e-12   2.211564265053311e-12
3.885780586188047e-16   -4.440892098500626e-16   -1.942890293094023e-16   1.554312234475219e-15
1.933920496566735e-16   2.761007559579999e-16   -1.604915394425951e-16   5.98759322489686e-16
-6.177731039561609e-17   2.205896047267413e-16   -1.034106738190594e-16   4.703897852674015e-16
2.185751579730776e-16   0.   -6.626643678231403e-16   5.551115123125782e-16
-3.608224830031758e-16   -3.538835890992686e-16   5.551115123125782e-17   8.465450562766818e-16
3.608224830031758e-16   -7.632783294297951e-16   5.551115123125782e-17   9.714451465470119e-17
-3.608224830031758e-16   -3.538835890992686e-16   5.551115123125782e-17   8.465450562766818e-16
4.431922301973155e-16   -2.832320732799618e-16   6.652368351223468e-16   -1.722097708174462e-16
2.075609486825017e-16   1.096798137173609e-15   2.456127426974002e-16   4.983293501006692e-15
-7.216449660063517e-16   4.996003610813204e-16   -1.887379141862766e-15   2.331468351712828e-15
2.498001805406602e-16   2.012279232133096e-16   2.220446049250313e-16   -1.665334536937734e-16
-3.05311331771918e-15   -2.053912595556539e-15   3.497202527569243e-15   -1.720845688168992e-15
-6.106226635438361e-16   3.122502256758252e-16   -9.43689570931383e-16   5.898059818321144e-16
-9.579904517560327e-17   -6.64678814576807e-16   1.054288780377063e-16   -1.604898938556236e-15
8.41637064996156e-17   5.848815346818716e-16   1.119192821152445e-16   5.53656512114289e-16
2.442490654175344e-15   2.533321956926866e-15   -2.664535259100375e-15   -1.205619395206447e-15
-1.252470349655254e-15   4.163336342344337e-16   2.581268532253489e-15   6.106226635438361e-16
7.073440851818017e-17   3.267181109505989e-17   -1.027379390795005e-16   3.587998245786996e-16
4.987324287834592e-9   -4.139142362191705e-9   5.312225200752197e-9   -4.408793996546478e-9
5.551115123125782e-17   -1.734723475976807e-16   8.326672684688674e-17   -5.551115123125782e-16
-8.326672684688674e-17   4.843347944927245e-15   -5.412337245047638e-16   -2.525757381022231e-15
1.830958312573877e-16   3.559062475237342e-16   -2.05482227361417e-16   1.022040062298828e-15
8.049116928532384e-16   2.775557561562891e-16   -5.551115123125782e-17   -9.43689570931383e-16
2.560663397050184e-16   3.420202480451178e-16   -2.435340213763019e-16   4.426342096517726e-16
3.608224830031758e-16   -8.326672684688674e-17   -1.110223024625156e-16   -7.771561172376095e-16
-4.736387447711857e-16   6.049463464201689e-16   4.145396749289394e-16   1.608571365701062e-16
-3.538835890992686e-16   5.828670879282071e-16   1.40165656858926e-15   -1.415534356397074e-15
6.804600924092728e-16   1.108768024426866e-15   -1.484474805609782e-15   -3.414608014897447e-16
3.556183125752454e-17   -2.220446049250313e-16   3.985527186056714e-16   -3.885780586188047e-16
8.326672684688674e-17   -6.661338147750939e-16   -7.771561172376095e-16   -2.220446049250313e-16
5.640813088398668e-17   1.330812629351898e-15   -1.101253228097867e-16   1.963034760630668e-16
-2.220446049250313e-16   -3.934972024599841e-16   0.   -1.419145424338905e-16
1.665334536937734e-16   -9.298117831235686e-16   -4.440892098500626e-16   -8.326672684688674e-17
4.745103276141087e-17   1.171410492980062e-15   -3.688826014730228e-16   6.162989806674843e-16
-6.38378239159465e-16   -1.27675647831893e-15   -4.163336342344337e-16   4.996003610813204e-16
-1.456612608308205e-13   -1.865174681370263e-14   1.4210854715202e-14   -1.236788449432424e-13
1.665334536937734e-16   -2.409818843080271e-15   -8.326672684688674e-17   -2.125324193020075e-15
5.640813088398831e-17   1.108768024426865e-15   -2.766587765035586e-16   4.98145360883029e-16
-2.199629367538591e-15   1.297356319596154e-15   -1.457167719820518e-16   -1.242278849233891e-15
-9.155109022990609e-17   3.726776123865125e-16   2.345769232537336e-16   6.432944746388944e-16
3.885780586188047e-16   1.224885887929861e-15   -5.551115123125782e-17   -5.355873896434768e-16
-3.252719156581143e-17   6.245037348193349e-15   -3.252719156581154e-17   -3.501928777658719e-16
-5.551115123125782e-16   -3.677613769070831e-16   -1.942890293094023e-16   -1.033895191682177e-15
1.110223024625156e-16   -1.27675647831893e-15   8.326672684688674e-17   1.110223024625156e-16
-2.685859596288402e-17   4.669285499862554e-16   -2.211476252722864e-16   1.616172182143373e-16
6.661338147750939e-15   6.217248937900876e-15   4.551914400963141e-15   -7.105427357601001e-15
-3.044143521191875e-16   9.977457219643495e-16   5.640813088398831e-17   6.646788145768025e-16
-3.885780586188047e-16   -1.387778780781445e-17   -1.665334536937734e-16   4.510281037539698e-16
8.326672684688674e-17   2.706168622523819e-16   2.775557561562891e-16   6.106226635438361e-16
1.693090112553363e-15   2.15105711021124e-16   6.38378239159465e-16   3.191891195797325e-16
3.330669073875469e-16   9.992007221626408e-16   -8.326672684688674e-17   -9.992007221626408e-16
-8.881784197001252e-16   5.113815632972803e-15   0.   -1.595669762744339e-15
8.326672684688674e-17   -6.938893903907228e-17   -1.387778780781445e-16   -4.163336342344337e-16
3.254552787440907e-16   2.483451803423702e-16   -1.602672945294152e-16   4.426342096517726e-16
-3.252719156581144e-17   3.343544018044384e-16   -3.252719156581158e-17   -5.233911501727455e-15
-1.350129455836311e-17   -5.946164916578336e-15   -1.695091546676061e-16   6.525149569942237e-17
4.038013159057271e-16   4.767610209451225e-16   -3.247825440045318e-16   1.367552196536683e-16
1.885350516750533e-16   -6.180785517911791e-16   -1.885350516750534e-16   6.106962214440852e-15
2.775557561562891e-17   2.220446049250313e-16   -1.110223024625156e-16   -2.914335439641035e-16
-6.988164292783632e-16   1.330812629351899e-15   -3.962150840717659e-17   1.087951342715146e-15
-6.574601973952098e-15   1.724315135120946e-15   6.637052019087263e-15   4.718447854656915e-16
3.608224830031758e-16   -1.734723475976807e-16   3.608224830031758e-16   -6.036837696399288e-16
-3.497202527569243e-15   -1.734723475976807e-17   -2.720046410331633e-15   1.682681771697502e-15
-8.326672684688674e-17   -1.318389841742373e-16   -1.942890293094023e-16   1.734723475976807e-16
-8.214550228095554e-17   7.999954573737976e-16   2.023491477792408e-16   -5.322721721763902e-16
1.942890293094023e-16   2.775557561562891e-17   1.110223024625156e-16   -3.122502256758252e-16
-5.551115123125782e-17   -3.108624468950438e-15   1.942890293094023e-15   -4.440892098500626e-16
3.05311331771918e-16   -6.661338147750939e-16   3.05311331771918e-16   6.106226635438361e-16
-3.608224830031758e-16   -1.110223024625156e-15   1.942890293094023e-15   8.326672684688674e-16
1.665334536937734e-16   3.885780586188047e-16   -3.330669073875469e-16   -1.609823385706477e-15
-2.775557561562891e-16   1.804112415015879e-16   -3.885780586188047e-16   3.330669073875469e-16
5.828670879282071e-16   1.110223024625156e-16   6.661338147750939e-16   -9.43689570931383e-16
3.608224830031758e-16   -5.551115123125782e-16   7.216449660063517e-16   1.665334536937734e-15
9.402201239794294e-16   -5.828670879282071e-16   -4.475586568020162e-16   -5.551115123125782e-17
-2.733924198139448e-15   1.151856388048599e-15   2.317590563905014e-15   1.110223024625156e-16
-2.556178498786549e-16   6.854954962885254e-16   3.688826014729956e-16   1.219790326889382e-15
-8.326672684688674e-17   3.608224830031758e-16   -5.273559366969493e-16   -1.318389841742373e-16
8.326672684688674e-17   2.775557561562891e-17   2.498001805406602e-16   2.081668171172168e-17
2.498001805406602e-16   -4.996003610813204e-16   4.163336342344337e-16   4.302114220422481e-16
3.626164423086533e-16   -1.53147289433902e-15   -4.769897200641213e-16   -8.96564102131509e-16
5.551115123125782e-17   4.093947403305264e-16   1.665334536937734e-16   -5.898059818321144e-16
-1.082467449009527e-15   2.498001805406602e-16   2.775557561562891e-16   1.179611963664228e-16
3.330669073875469e-16   -6.106226635438361e-16   3.05311331771918e-16   6.106226635438361e-16
1.665334536937734e-16   -8.881784197001252e-16   3.608224830031758e-16   1.665334536937734e-16
-3.05311331771918e-16   2.706168622523819e-16   5.551115123125782e-17   6.938893903907228e-17
-3.464962053689855e-16   -1.893055458986416e-15   1.25348580096706e-16   -1.837544307755158e-15
-8.326672684688674e-16   -2.567390744445674e-16   1.165734175856414e-15   -7.771561172376095e-16
6.140921104957897e-16   4.440892098500626e-16   -7.042977312465836e-16   -1.942890293094023e-15
-6.392752188121938e-16   7.167205188561089e-16   4.987033814285915e-16   1.650784534954842e-16