-3.469446951953614e-18   1.387778780781445e-17   4.163336342344337e-17   -1.52655665885959e-16
-1.249000902703301e-16   4.364955458987843e-17   -2.081668171172168e-16   -5.897097757915428e-17
-1.387778780781445e-17   -1.249000902703301e-16   8.326672684688674e-17   2.775557561562891e-17
7.806255641895631e-18   -4.093947403305264e-16   -8.239936510889833e-17   3.677613769070831e-16
1.97758476261356e-16   1.040834085586084e-16   3.816391647148975e-17   0.
-5.898059818321144e-17   -6.938893903907228e-17   1.838806884535415e-16   3.469446951953614e-17
-1.838806884535415e-16   1.318389841742373e-16   -5.551115123125782e-17   -2.081668171172168e-17
4.163336342344337e-17   2.545790726280108e-17   0.   -2.529666640800401e-17
2.992397996059992e-17   3.885780586188047e-16   -2.211772431870429e-17   -3.781697177629439e-16
4.163336342344337e-17   -1.595945597898662e-16   -3.469446951953614e-18   -2.081668171172168e-17
-1.040834085586084e-17   3.603695857719203e-16   -2.775557561562891e-17   3.603695857719203e-16
6.938893903907228e-17   -3.469446951953614e-17   2.775557561562891e-17   1.52655665885959e-16
7.285838599102589e-17   1.318389841742373e-16   -3.122502256758252e-17   3.469446951953614e-17
1.387778780781445e-17   -2.368642933701925e-17   0.   1.101173290912465e-17
4.510281037539698e-17   9.020562075079396e-17   2.081668171172168e-17   -1.318389841742373e-16
7.632783294297951e-17   3.400058012914541e-16   1.040834085586084e-16   2.428612866367529e-16
-1.97758476261356e-16   -6.245004513516505e-17   2.428612866367529e-17   -3.469446951953614e-17
-9.540979117872439e-18   3.677613769070831e-16   -6.071532165918824e-18   -4.198030811863873e-16
2.775557561562891e-17   -6.938893903907228e-18   1.387778780781445e-17   -1.734723475976807e-16
5.290906601729261e-17   -3.677613769070831e-16   -6.852157730108388e-17   4.024558464266192e-16
-6.591949208711867e-17   -4.857225732735059e-17   -1.214306433183765e-16   6.938893903907228e-18
3.122502256758252e-17   1.872493945533678e-16   2.905661822261151e-17   1.629632658896925e-16
3.816391647148975e-17   6.938893903907228e-17   -3.469446951953614e-18   1.387778780781445e-17
-2.428612866367529e-17   -3.638390327238742e-16   -7.892991815694472e-17   -3.950640552914567e-16
-2.081668171172168e-17   -3.950640552914567e-16   -6.938893903907228e-18   -3.534306918680133e-16
4.510281037539698e-17   1.595945597898662e-16   -3.469446951953614e-18   1.387778780781445e-17
0.   -2.529666640800396e-17   4.024558464266192e-16   3.704425919005579e-17
7.199102425303749e-17   3.469446951953614e-16   -1.474514954580286e-17   -3.677613769070831e-16
8.285041015331125e-21   1.040834085586084e-17   7.445309756779952e-17   3.122502256758252e-17
-5.204170427930421e-17   -1.110223024625156e-16   -6.938893903907228e-18   -8.326672684688674e-17
-3.469446951953614e-18   1.387778780781445e-17   4.163336342344337e-17   1.52655665885959e-16
-3.122502256758252e-17   9.020562075079396e-17   -1.422473250300981e-16   -4.857225732735059e-17
-1.951563910473908e-17   3.642919299551294e-16   -5.767955557622883e-17   -4.1286418728248e-16
3.469446951953614e-18   4.228196309070856e-16   2.862293735361731e-17   3.56900138819967e-16
-2.211772431870429e-17   -3.781697177629439e-16   2.992397996059992e-17   3.885780586188047e-16
1.387778780781445e-17   -1.179611963664228e-16   -3.469446951953614e-18   -2.081668171172168e-17
-4.293440603042597e-17   3.747002708109903e-16   7.50267903359969e-17   -3.642919299551294e-16
-9.107298248878237e-17   -4.996003610813204e-16   1.647987302177966e-17   4.857225732735059e-16
-2.211772431870429e-17   -3.781697177629439e-16   2.992397996059992e-17   3.885780586188047e-16
3.469446951953614e-18   5.967448757360216e-16   7.285838599102589e-17   1.318389841742373e-16
1.387778780781445e-17   2.368642933701925e-17   0.   6.743823387413217e-18
2.211772431870429e-17   -8.326672684688674e-17   -1.257674520083185e-17   1.006139616066548e-16
-6.852157730108388e-17   -3.677613769070831e-16   6.331740687315345e-17   4.302114220422481e-16
-3.330669073875469e-16   -1.942890293094023e-16   0.   -2.012279232133096e-16
2.116362640691704e-16   -1.595945597898662e-16   3.816391647148975e-17   0.
4.163336342344337e-17   -1.595945597898662e-16   -3.469446951953614e-18   -2.081668171172168e-17
-4.510281037539698e-17   1.595945597898662e-16   -2.373335066906073e-19   1.101173290912465e-17
1.734723475976807e-16   0.   9.020562075079396e-17   4.163336342344337e-17
2.775557561562891e-17   1.664327128416461e-16   -3.122502256758252e-17   1.803105006494605e-16
0.   1.101173290912465e-17   3.469446951953614e-16   -1.693917663742831e-17
7.50267903359969e-17   2.359223927328457e-16   -2.211772431870429e-17   -2.532696274926138e-16
7.285838599102589e-17   -3.9853350224341e-16   1.821459649775647e-17   -4.228196309070853e-16
2.636779683484746e-16   -2.498001805406602e-16   -1.023486850826316e-16   -6.938893903907228e-18
-4.510281037539698e-17   1.595945597898662e-16   -3.469446951953614e-18   4.857225732735059e-17
-3.469446951953614e-18   1.387778780781445e-17   4.510281037539698e-17   2.012279232133096e-16
2.51534904016637e-17   -4.1286418728248e-16   3.556183125752454e-17   3.261280134836397e-16
5.767955557622883e-17   -3.816391647148975e-16   -2.211772431870429e-17   3.781697177629439e-16
1.940024889343383e-16   -8.024974052287147e-17   2.503810019035845e-16   -1.045358691865467e-16
2.081668171172168e-17   -5.178149575790769e-16   1.179611963664228e-16   -6.162605148407607e-16
0.   -1.318389841742373e-16   -8.673617379884035e-17   4.163336342344337e-17
4.163336342344337e-17   -1.595945597898662e-16   -3.469446951953614e-18   -2.081668171172168e-17
-1.734723475976807e-17   -5.551115123125782e-17   4.163336342344337e-17   5.551115123125782e-17
-1.628563950362149e-9   1.132036686612991e-9   1.12629550130805e-9   1.635697799429181e-9
3.816391647148975e-17   -9.020562075079396e-17   -2.428612866367529e-17   8.326672684688674e-17
4.163336342344337e-17   3.371457267439918e-17   0.   -2.529666640800401e-17
-2.60208521396521e-18   2.983724378680108e-16   2.862293735361731e-17   -2.289834988289385e-16
-3.122502256758252e-17   2.081668171172168e-17   -1.734723475976807e-17   1.734723475976807e-16
2.818925648462311e-16   2.775557561562891e-17   -1.474514954580286e-17   -6.938893903907228e-18
-1.734723475976807e-17   6.245004513516505e-17   5.204170427930421e-17   6.245004513516505e-17
6.532226814577187e-9   -2.143103694507431e-9   5.939193590450977e-9   -1.948534444906613e-9
-4.510281037539698e-17   1.595945597898662e-16   -3.469446951953614e-18   4.857225732735059e-17
3.469446951953614e-18   4.228196309070856e-16   -1.301042606982605e-17   4.020029491953639e-16
2.255140518769849e-16   1.387778780781445e-17   -3.469446951953614e-18   -1.387778780781445e-17
1.734723475976807e-16   -3.95516952522712e-16   -1.318389841742373e-16   -2.775557561562891e-17
-7.632783294297951e-17   3.777168205316886e-16   -1.387778780781445e-17   3.673084796758278e-16
-7.979727989493312e-17   -3.395529040601989e-16   -2.081668171172168e-17   -3.777168205316886e-16
5.204170427930421e-17   7.632783294297951e-17   -1.040834085586084e-17   8.326672684688674e-17
-5.898059818321144e-17   6.245004513516505e-17   -1.249000902703301e-16   6.938893903907228e-17
2.168404344971008e-17   2.393918396847993e-16   -3.729655473350135e-17   -3.05311331771918e-16
-3.122502256758252e-17   -6.938893903907228e-18   4.163336342344337e-17   -1.318389841742373e-16
-2.298508605669269e-17   -4.683753385137379e-16   -1.257674520083185e-17   4.57966997657877e-16
1.387778780781445e-17   2.368642933701925e-17   1.665334536937734e-16   -1.101173290912465e-17
1.040834085586084e-17   -6.245004513516505e-17   -2.428612866367529e-17   7.632783294297951e-17
-8.326672684688674e-17   1.101173290912465e-17   -1.110223024625156e-16   -9.098404402932067e-18
-4.510281037539698e-17   1.873501354054951e-16   -2.373335066906067e-19   7.341155272749768e-18
1.058181320345852e-16   -4.371503159461553e-16   8.847089727481716e-17   3.469446951953614e-16
-3.469446951953614e-18   -2.081668171172168e-17   1.387778780781445e-17   -1.179611963664228e-16
-3.816391647148975e-17   -3.469446951953614e-17   -1.457167719820518e-16   -4.163336342344337e-17
-3.816391647148975e-17   -2.775557561562891e-17   7.979727989493312e-17   -1.110223024625156e-16
2.51534904016637e-17   -4.857225732735059e-17   8.673617379884035e-19   1.179611963664228e-16
-7.285838599102589e-17   -3.464917979641061e-16   -1.387778780781445e-17   -3.673084796758278e-16
-4.510281037539698e-17   0.   -1.387778780781445e-16   1.387778780781445e-16
5.204170427930421e-17   -2.081668171172168e-17   2.775557561562891e-17   2.983724378680108e-16
9.714451465470119e-16   7.077671781985372e-16   -1.387778780781445e-17   -2.15105711021124e-16
1.734723475976807e-17   8.326672684688674e-17   -3.816391647148975e-17   -1.318389841742373e-16
-1.804112415015879e-16   -1.318389841742373e-16   -3.469446951953614e-17   -1.179611963664228e-16
4.163336342344337e-17   3.707779266277814e-16   2.081668171172168e-17   3.950640552914567e-16
-6.591949208711867e-17   -6.984139966701103e-17   -6.938893903907228e-18   -5.249416490724296e-17
1.040834085586084e-17   -3.464917979641061e-16   6.245004513516505e-17   -4.124112900512248e-16
-2.775557561562891e-17   1.733716067455533e-16   -2.081668171172168e-17   1.94188288457275e-16
-3.469446951953614e-18   1.387778780781445e-17   4.163336342344337e-17   1.52655665885959e-16
-2.078802767421527e-16   1.594938189377384e-16   -1.835941480784774e-16   1.664327128416457e-16
-6.938893903907228e-17   -7.618697039132838e-16   -3.122502256758252e-17   -7.68808597817191e-16
5.898059818321144e-17   4.297585248109929e-16   -2.51534904016637e-17   3.534306918680133e-16
-2.373335066906058e-19   -3.233621859361753e-16   -2.373335066906058e-19   1.702084611881911e-16
-6.591949208711867e-17   -2.498001805406602e-16   6.245004513516505e-17   4.163336342344337e-17
-5.898059818321144e-17   -3.881251613875495e-16   -1.647987302177966e-17   -3.811862674836423e-16
-8.326672684688674e-17   -1.101173290912465e-17   -1.110223024625156e-16   2.310044192131238e-17
1.387778780781445e-17   1.594938189377388e-16   3.122502256758252e-17   1.803105006494605e-16
-2.211772431870429e-17   3.781697177629439e-16   2.992397996059992e-17   -3.885780586188047e-16
-2.298508605669269e-17   3.747002708109903e-16   -2.992397996059992e-17   -3.712308238590367e-16
-1.110223024625156e-16   8.17152030371894e-17   -8.326672684688674e-17   -9.219910687712315e-17
-1.07552855510562e-16   8.326672684688674e-17   -5.204170427930421e-17   -2.914335439641035e-16
1.387778780781445e-16   5.275727771314464e-16   -1.387778780781445e-17   -5.442694905877232e-17
2.081668171172168e-17   -9.020562075079396e-17   2.081668171172168e-17   -9.020562075079396e-17
1.387778780781445e-17   1.594938189377388e-16   1.387778780781445e-17   1.49085478081878e-16
7.285838599102589e-17   1.318389841742373e-16   -3.122502256758252e-17   3.469446951953614e-17
-2.64545330086463e-17   3.885780586188047e-16   1.517883041479706e-17   -4.163336342344337e-16
-1.415534356397074e-15   -2.081668171172168e-17   -4.996003610813204e-16   -3.469446951953614e-17
-1.361757928641793e-16   1.144917494144692e-16   7.199102425303749e-17   -6.938893903907228e-17
-6.938893903907228e-18   -7.632783294297951e-17   1.734723475976807e-17   -6.245004513516505e-17
-2.185751579730776e-16   3.469446951953614e-17   -9.020562075079396e-17   7.632783294297951e-17
2.428612866367529e-17   2.081668171172168e-17   1.387778780781445e-17   1.804112415015879e-16
-8.326672684688674e-17   1.101173290912465e-17   -1.110223024625156e-16   -9.098404402932067e-18
7.199102425303749e-17   3.469446951953614e-16   -1.127570259384924e-17   -3.50414142147315e-16
2.428612866367529e-17   -6.938893903907228e-18   -1.561251128379126e-16   -1.387778780781445e-17
0.   9.287548632673081e-18   2.775557561562891e-17   2.368642933701925e-17
3.556183125752454e-17   3.920475055707584e-16   -4.423544863740858e-17   -4.163336342344337e-16
6.591949208711867e-17   -3.673084796758278e-16   5.290906601729261e-17   -3.777168205316886e-16
-4.510281037539698e-17   -3.469446951953614e-17   4.857225732735059e-17   1.318389841742373e-16
1.040834085586084e-17   -6.938893903907228e-18   -1.387778780781445e-17   2.844946500601963e-16
1.040834085586084e-17   1.873501354054951e-16   -5.551115123125782e-17   2.081668171172168e-17
-3.469446951953614e-17   1.387778780781445e-16   -1.318389841742373e-16   -9.714451465470119e-17
4.163336342344337e-17   -3.469446951953614e-17   -5.204170427930421e-17   1.387778780781445e-17
-3.183217578417441e-16   -3.885780586188047e-16   3.790370795009323e-16   5.065392549852276e-16
-3.469446951953614e-18   -2.081668171172168e-17   4.163336342344337e-17   -1.595945597898662e-16
1.457167719820518e-16   -9.020562075079396e-17   1.040834085586084e-17   -1.734723475976807e-16
-2.081668171172168e-17   2.15105711021124e-16   1.040834085586084e-17   -6.938893903907228e-18
-3.469446951953614e-17   -2.081668171172168e-16   4.857225732735059e-17   -1.249000902703301e-16
-3.469446951953614e-18   4.163336342344337e-17   -1.838806884535415e-16   6.938893903907228e-18
-1.110223024625156e-16   2.72099949141966e-17   -8.326672684688674e-17   -2.529666640800401e-17
2.109423746787797e-15   1.096345236817342e-15   -3.108624468950438e-15   1.151856388048599e-15
5.551115123125782e-17   -1.318389841742373e-16   1.040834085586084e-17   8.326672684688674e-17
5.551115123125782e-17   -2.428612866367529e-17   1.665334536937734e-16   1.07552855510562e-16
-2.60208521396521e-16   2.775557561562891e-17   -9.020562075079396e-17   -7.632783294297951e-17
4.857225732735059e-17   -1.734723475976807e-18   -2.810252031082427e-16   -8.847089727481716e-17
8.196568423990413e-17   -3.989863994746656e-16   -9.84455572616838e-17   4.198030811863873e-16
8.326672684688674e-17   1.040834085586084e-16   -3.816391647148975e-17   5.551115123125782e-17
3.209238430557093e-17   3.885780586188047e-16   -1.127570259384924e-17   4.163336342344337e-16
-1.249000902703301e-16   -3.095557460695511e-17   -6.938893903907228e-17   4.732013222625331e-17
-3.469446951953614e-18   1.387778780781445e-17   4.163336342344337e-17   1.52655665885959e-16
3.469446951953614e-18   -4.228196309070856e-16   2.168404344971008e-17   -3.707779266277814e-16
1.387778780781445e-17   -1.179611963664228e-16   -3.469446951953614e-18   -2.081668171172168e-17
-3.200564813177209e-16   -7.667477763817487e-16   1.413799632921097e-16   8.638922910364499e-16
-4.510281037539698e-17   2.012279232133096e-16   -3.469446951953614e-18   1.387778780781445e-17
2.992397996059992e-17   -2.60208521396521e-16   -2.55871712706579e-17   2.428612866367529e-16
1.769417945496343e-16   2.775557561562891e-17   -3.469446951953614e-18   -1.387778780781445e-17
1.387778780781445e-17   -2.368642933701925e-17   0.   1.101173290912465e-17
-3.339342691255353e-17   -3.781697177629439e-16   8.239936510889833e-18   4.024558464266192e-16
-4.996003610813204e-16   2.773931258304163e-16   -4.440892098500626e-16   7.041351009207108e-16
3.122502256758252e-17   1.94188288457275e-16   -3.122502256758252e-17   1.803105006494605e-16
-3.122502256758252e-17   -6.938893903907228e-18   4.163336342344337e-17   -1.318389841742373e-16
6.331740687315345e-17   -3.851086116668511e-16   -2.688821387764051e-17   3.573530360512222e-16
4.510281037539698e-16   -7.719519468096791e-17   7.979727989493312e-17   -2.51534904016637e-17
3.122502256758252e-17   -7.331084661896465e-17   -9.107298248878237e-18   -4.902471795528935e-17
2.55871712706579e-17   4.093947403305264e-16   -3.339342691255353e-17   -3.781697177629439e-16
-1.110223024625156e-16   -5.000874352857425e-17   -8.326672684688674e-17   1.211635135332617e-17
-7.806255641895631e-18   4.093947403305264e-16   1.994931997373328e-17   -4.302114220422481e-16
-4.250072516143177e-17   -3.712308238590367e-16   2.60208521396521e-18   4.232725281383409e-16
9.714451465470119e-17   1.804112415015879e-16   5.065392549852276e-16   -5.551115123125782e-16
-6.314393452555577e-16   -6.38378239159465e-16   -3.816391647148975e-17   1.52655665885959e-16
6.461844948013606e-17   4.302114220422481e-16   -4.98732999343332e-17   -4.822531263215523e-16
-2.775557561562891e-17   4.163336342344337e-17   8.326672684688674e-17   -6.938893903907228e-17
3.816391647148975e-17   1.665334536937734e-16   6.245004513516505e-17   -4.163336342344337e-17
-8.326672684688674e-17   -2.368642933701925e-17   -6.938893903907228e-17   1.101173290912465e-17
3.209238430557093e-17   -3.747002708109903e-16   2.51534904016637e-17   3.469446951953614e-16
-2.775557561562891e-17   -6.938893903907228e-17   -3.851086116668511e-16   -1.873501354054951e-16
4.510281037539698e-17   9.020562075079396e-17   2.081668171172168e-17   -1.318389841742373e-16
-5.898059818321144e-17   1.249000902703301e-16   1.387778780781445e-17   6.938893903907228e-18
-1.97758476261356e-16   -6.245004513516505e-17   2.428612866367529e-17   -3.469446951953614e-17
3.122502256758252e-17   3.469446951953614e-17   2.428612866367529e-17   -3.885780586188047e-16
1.488996785589413e-16   -4.089418430992708e-16   2.01808744576234e-16   -4.124112900512244e-16
1.387778780781445e-17   -1.387778780781445e-17   -5.898059818321144e-17   -1.734723475976807e-16
-3.469446951953614e-17   -4.857225732735059e-17   -1.040834085586084e-17   2.289834988289385e-16
-1.734723475976807e-17   8.326672684688674e-17   0.   -8.326672684688674e-17
-1.474514954580286e-17   -2.428612866367529e-16   8.239936510889833e-17   2.463307335887066e-16
4.510281037539698e-17   -1.457167719820518e-16   -3.469446951953614e-18   -1.387778780781445e-17
-5.898059818321144e-17   6.245004513516505e-17   -1.249000902703301e-16   6.938893903907228e-17
-3.816391647148975e-17   1.457167719820518e-16   -3.469446951953614e-18   -1.387778780781445e-17
-3.469446951953614e-17   -1.179611963664228e-16   -7.632783294297951e-17   -1.387778780781445e-16
-2.428612866367529e-17   2.219438640729039e-16   4.336808689942017e-18   1.837799476014141e-16
7.979727989493312e-17   1.040834085586084e-16   -3.122502256758252e-17   6.938893903907228e-18
-3.469446951953614e-17   2.081668171172168e-17   -1.040834085586084e-17   -2.289834988289385e-16