-1.35116703710914e-20   5.327867958412889
-3.659914474197148e-22   4.096910002356486
-3.438268033124652e-16   4.096910002356485
-7.352445222936001e-23   0.9553173487666946
-1.710554912839232e-18   4.096910002356486
4.510868377133641e-18   5.327867958412889
2.898845164305052e-25   5.327867958412889
-1.147126995197408e-21   0.9553173487666948
1.767742309747298e-22   2.186275304823096
4.63453439886532e-25   0.9553173487666949
4.803543814757544e-23   4.096910002356486
3.056098099697904e-17   4.096910002356485
-1.020828332165832e-21   0.9553173487666946
-3.838599058071616e-23   5.327867958412889
1.326736286558141e-23   4.096910002356486
-3.416240042856507   3.928428345860462
5.159273508664376e-22   4.096910002356486
-0.8813538915636028   4.712388926318237
-1.188280169731943e-19   4.096910002356485
1.471521647734916e-23   5.327867958412889
0.8813537410546079   1.570796205610185
-7.706600161149395e-22   0.9553173487666943
-3.124598597128258e-16   2.186275304823097
-3.103008730711603e-22   4.096910002356485
-3.416240042856508   5.496349614908914
-2.260058804440425e-23   0.9553173487666945
3.416240042856508   2.35475696131912
2.298174472899306e-24   5.327867958412889
-2.144550367041636e-22   4.096910002356485
-5.151641475043867e-21   5.327867958412889
3.416240042856507   5.496349614908912
3.416240042856507   7.070020999450256
2.824133228632124e-20   5.327867958412889
2.823503573741529e-24   2.186275304823097
3.416240042856507   5.496349614908912
-2.838766732214783e-21   4.096910002356485
6.163685669626366e-18   4.096910002356485
0.8813539000767203   4.712388982105848
-2.689343047197873e-21   5.327867958412889
-1.829726335539463e-23   0.9553173487666945
0.8813539038078152   4.712388986252066
-2.134731017768454e-21   0.9553173487666949
-7.945447111520016e-22   4.096910002356486
-3.742266711620619e-20   4.096910002356485
-2.775636143721083e-17   5.327867958412889
3.416240042856507   3.928428345860462
-2.480663665077616e-21   5.327867958412889
-4.335605307586875e-17   4.096910002356485
-0.8813627630676244   1.570799974660751
-3.404072610168046e-25   2.186275304823097
0.8813538979637846   1.570796326602863
-1.103734003477058e-21   4.096910002356485
-1.097596608836454e-23   5.327867958412889
1.565110893738002e-16   0.9553173487666959
-0.05342650261343515   2.99497650327479
-1.556095559775267e-17   4.096910002356486
-1.103323857337494e-23   5.327867958412889
1.035625179575223e-21   0.955317348766695
6.44273316206341e-22   5.327867958412889
-1.321460265865818e-16   4.096910002356486
-2.075041014477029e-23   5.327867958412889
-7.284555380116137e-24   2.186275304823096
3.871962943981807e-23   2.186275304823097
5.964975948481874e-18   2.186275304823097
-5.232920253266707e-24   0.9553173487666948
0.6712553406866583   2.911878179509605
-1.105817150836058e-23   5.327867958412889
2.330101338123386   5.227517064024769
1.9946723782127e-23   0.9553173487666949
2.774319749753456e-21   0.9553173487666948
0.8802350135050374   1.570631618392358
-2.969135801751962e-24   4.096910002356485
1.062037350984263e-19   5.327867958412889
-2.684693794478757e-23   2.186275304823096
1.810068804054121e-17   5.327867958412889
-7.357833546815444e-21   4.096910002356486
6.114041833455209e-23   4.096910002356486
2.672462898534079e-17   0.9553173487666972
1.660286201592989e-23   0.9553173487666942
-1.845191399511247e-17   5.327867958412889
3.795306647694403e-23   5.327867958412889
-2.364004087136049e-22   2.186275304823097
3.173497996431914e-22   5.327867958412889
-8.457209593934524e-16   5.327867958412887
5.680255930698568e-21   4.096910002356486
-1.947987836360754e-23   4.096910002356485
2.922768450023167e-22   4.096910002356485
-3.582559169247136e-16   2.186275304823095
2.822601412688795e-24   5.327867958412889
-6.79896217336881e-21   4.096910002356485
-0.8813417575654137   1.570748178054177
1.313090304379072e-23   5.327867958412889
-3.426685684751562e-17   0.9553173487666941
2.788925255211085e-19   4.096910002356486
1.144690125763951e-24   5.327867958412889
-3.940263901662426e-23   5.327867958412889
-8.676095612999244e-18   4.096910002356485
-2.731784563549771e-16   5.327867958412886
3.529366416262095e-21   5.327867958412889
4.247621102400431e-22   2.186275304823096
-1.420671831556551e-23   0.9553173487666948
-5.114020810615819e-17   2.186275304823096
-4.942273272202946e-22   4.096910002356486
-1.596169859136032e-22   0.9553173487666942
5.532816987375897e-23   2.186275304823096
-2.486927478278517e-16   0.9553173487666942
-8.109397225567673e-19   5.327867958412889
-9.280976002284705e-23   0.955317348766695
3.545464061840716e-19   5.327867958412889
2.176926946197289e-23   4.096910002356486
-1.402390626943996e-22   2.186275304823096
-1.476306862208769e-20   2.186275304823096
5.363970264184613e-24   4.096910002356486
0.8813538879221688   1.570796320955243
-9.753912077802724e-25   4.096910002356485
0.8813539027156017   1.570796323995021
3.054485005018635e-24   5.327867958412889
1.25949989540694e-20   2.186275304823096
4.273849905569075e-18   4.096910002356486
-1.356298512926553e-21   4.096910002356486
1.918922949912259e-18   5.327867958412889
-3.797101629828116e-17   4.096910002356486
-3.481527770511379e-21   0.9553173487666949
1.954000933450999e-16   4.096910002356485
-3.416240042856507   3.928428345860462
1.983023181491978e-17   2.186275304823096
-3.416240042856507   0.786835692270671
3.17392957276683e-21   2.186275304823096
2.403759319367175e-21   0.9553173487666946
1.396258282590907e-23   4.096910002356485
3.481430134774862e-23   5.327867958412889
-3.313336819501997e-21   5.327867958412889
9.422970413021854e-23   5.327867958412889
-5.374821953283742e-20   4.096910002356486
-3.389817780409163e-21   0.9553173487666943
-4.409062370178125e-22   4.096910002356486
-1.0941247746877e-16   5.327867958412889
2.09364918655201e-21   0.9553173487666948
1.287053388138858e-23   4.096910002356485
-1.964633726043763e-18   0.9553173487666945
3.416240042856508   5.496349614908914
-1.566465648848733e-22   4.096910002356485
-1.049874089721874e-21   5.327867958412889
4.801518460289288e-16   5.32786795841289
6.562945524154797e-19   0.9553173487666943
-7.030429710492346e-16   0.9553173487666938
1.794282031044273e-18   4.096910002356486
-1.500504540649876e-20   4.096910002356486
-3.035338662193294e-16   5.327867958412892
2.330101338123385   2.085924410434976
4.933029473321858e-20   0.955317348766695
-0.3720368875105783   3.52663906521725
1.111776241612838e-22   2.186275304823096
4.106990863773041e-24   4.096910002356486
-9.024866226678755e-17   4.096910002356486
3.416240042856508   5.496349614908914
-2.591131475036281e-20   2.186275304823096
3.536443022916693e-16   2.186275304823098
-6.77626142736481e-17   0.9553173487666949
0.8813444054932601   1.570793516851957
0.881353823766341   4.712388979273781
-7.955843225399998e-22   0.9553173487666946
-5.897201866589804e-17   4.096910002356485
2.1070714668101e-17   2.186275304823096
2.378400635381057e-18   0.9553173487666949
3.416240042856508   3.928428345860463
-0.8813547915025236   1.570795157526235
2.75805583602495e-21   0.9553173487666942
-4.263333999800719e-17   0.9553173487666941
6.68281026339181e-19   0.9553173487666942
-1.522828293263495e-23   0.955317348766695
4.472807490470303e-23   0.9553173487666947
-1.830616515767199e-24   0.955317348766695
2.033400504157784e-20   5.327867958412889
-3.117428880867102e-21   4.096910002356485
7.171029933929239e-23   2.186275304823097
-3.5274673945604e-22   2.186275304823097
7.912653005499796e-16   2.186275304823094
3.416240042856506   0.786835692270672
5.373292687096631e-22   0.9553173487666948
-0.4330342062351962   3.53139299246922
9.198869301920061e-21   0.9553173487666951
4.481002295882874e-24   4.096910002356486
1.905743964121543e-22   4.096910002356485
1.38675413147716e-18   2.186275304823097
-3.0447691994645e-17   2.186275304823097
-9.180072370024388e-23   5.327867958412889
-6.425051090997483e-20   4.096910002356485
2.499529144252788e-22   4.096910002356485
-1.900323795505078e-23   2.186275304823096
-3.389680026362449e-22   4.096910002356485
0.8813539082136938   1.570796310577656
1.019470979918837e-22   4.096910002356485
7.254274599281822e-23   0.9553173487666942
1.021647617562623e-23   0.9553173487666945
6.902202074449784e-17   0.9553173487666947
-1.389186952053623e-19   4.096910002356485