0.7524866575077213       1.8424554762045158
-0.7524868156785676      1.8424552672005277
1.5707963245239331       3.1415926462906283
1.5707963268018803       3.141592653592669
0.7524866538868953       1.8424554666342479
3.1415926533146306       0.870983174289664
3.14159265265294         0.8709831731060821
1.5707963615184066       3.141592649718575
1.5707960321984102       3.141591984361372
1.5707963265603926       3.1415926530735723
-0.7524867787806924      4.440729811944239
1.570796304547327        3.1415926496072437
0.7524866566282304       1.8424554796575343
2.389105852638917        1.8424554772152604
0.7524866507502602       1.8424554558616708
2.3891060140130067       4.440729823349736
0.7524866084890295       4.440729797449613
0.7524872680733816       4.440729966818612
1.5707963268752316       3.141592653503737
2.3891059010498426       1.8424556361671236
0.7524866582981892       1.8424554754454823
1.5707962086633538       3.1415930065507385
0.7524866512675162       4.440729835200966
1.570796326795305        3.141592653589708
0.7524866575850817       1.8424554746814192
0.7524864144324019       4.440728707311434
2.3891061415938704       4.440729901964302
0.7524866519163204       1.842455468604086
2.3891065037489807       4.440729810479189
0.7524862224854978       1.8424555056319796
2.3891059976753675       1.8424554755287395
1.5707963267909126       3.1415926535924914
2.389105800782956        1.8424545710986404
0.752486646264843        1.8424555303456505
0.7524866568064912       4.440729831103989
0.7524866555631854       1.8424554774329551
0.752486656942854        1.8424554762845924
0.7524866554148603       1.8424554838171607
2.3891067473117142       4.440728908347822
0.7524860274894133       1.8424549733250388
0.7524866649236969       1.8424554906001809
-0.7524866579689587      1.842455476949753
2.3891053188980953       1.8424562276771461
0.7524866776993875       1.8424554552802532
2.389106637355962        4.440730177173542
1.5707963244199117       3.1415926509794905
2.389105996785327        1.8424554760945806
0.752486626126514        1.8424555819755792
2.389105818113115        1.842455425031988
4.73215324184325e-9      5.412202135561526
2.3891059980356437       4.440729830216686
0.7524866547893363       4.440729824147402
0.7524866508268864       4.440729805713572
0.7524866570401707       1.8424554761033838
1.5707963265889098       3.1415926525980784
2.3891060687110546       4.440729844335939
2.389106013503246        4.440729850198722
0.752486656964558        1.8424554761555856
2.3891059864574324       4.440729856486871
0.7524859716392426       1.8424553733202085
2.3891057822462054       4.440729782322829
2.3891061603663903       4.440729806151316
1.5707963240815304       3.141592656793425
2.389106022434578        4.4407298319173325
0.7524864885654294       4.440729610450168
1.5707963645553669       3.141592668790895
2.389105984519061        4.440729833930715
0.7524866813441474       1.8424554894734095
0.7524865226378192       4.440730028723522
2.389105996566652        4.440729830861316
0.7524866461625395       1.8424554473068133
2.3891060613653625       4.440729789222748
2.389105909328062        1.842455532592033
2.389105997042552        1.8424554763329681
0.7524867028399672       1.8424554153105346
-0.7524872411555228      1.8424558777994302
0.7524866471372744       1.8424553729833817
1.570796326819573        3.141592653605084
1.5707963166223247       3.141592811733404
0.7524866660981716       1.8424554766284205
0.752486664083051        1.8424554787045977
2.389105845358199        4.440729705625501
2.389105997056043        4.440729830571717
0.7524857541226          1.8424554184612727
2.38910599230488         1.8424554733396763
2.389105996190815        1.842455475867526
0.7524866666734088       4.440729812998833
0.7524866673179952       1.842455472419661
0.7524866569240772       1.8424554766794545
2.3891059161547545       4.4407299030400695
0.7524866142313498       4.44072982714012
1.570796823163517        3.141593719768432
2.389105996789461        1.8424554838024838
1.5707963267904501       3.1415926533123857
0.75248669400548         1.8424554370749555
3.8940793051099303       1.8424554739001344
4.268472694649272e-9     0.8709831717766455
1.5707951936211209       3.141592513852291
0.7524866526505196       1.8424554781185227
3.1415923261973915       0.8709831941394344
3.141592652528441        0.8709831741150501
0.7524866533292105       1.8424554699260314
0.7524866344461126       1.8424554677044878
2.389106003377836        1.8424554884522315
0.7524859732838127       1.842455239270201
1.5707963267042626       3.1415926536988423
0.7524866572251909       4.440729830621642
2.3891060021386394       1.8424554691994846
0.7524869302195241       4.440729580679001
2.3891059741466796       4.440729763334374
5.530698687094101        4.440729765731431
0.7524866568485108       1.8424554831174587
1.57079608714827         3.1415915848602727
0.7524866334643124       1.8424555094954793
1.5707966345994469       3.141592913245866
0.7524866569307265       4.440729830943585
0.7524866575249978       4.4407298315866335
2.389105890182495        1.84245547550573
1.5707962577441128       3.141592729230328
3.8940793434215095       -1.842455466842011
2.3891059967062684       4.4407298309032015
3.141592640520086        5.41220212563058
1.5707963267899197       3.1415926535973187
1.5707963166740333       3.141592643848439
2.389106000013899        4.440729829063738
1.5707963118405235       3.141592644844704
4.7123889800813945       3.14159265414906
-0.7524866592629406      4.440729830857806
2.3891059764609928       1.8424554871886536
0.752486656812851        4.440729830579794
1.570796334834383        3.1415927153193897
1.57079632679517         3.1415926535957452
0.7524866648057357       1.8424554800663304
1.5707963380354888       3.141592654154222
0.7524866431788549       4.440729825976557
0.7524870968233622       1.8424557409209026
3.894079213780011        -1.8424555518347132
0.7524867749410716       1.8424556462720534
2.3891060042965506       4.4407298368611166
1.5707963022053892       3.141592617776859
2.3891059867448816       1.842455444806813
0.7524866480358522       4.440729831989912
1.5707963268203347       3.1415926535180003
0.752486658146305        1.8424554749675475
0.7524865098582247       4.440729683600217
0.7524864247706448       1.8424561143340803
2.389106023565359        4.440729811340961
0.7524866585688873       1.8424554722963982
0.7524866572114177       4.440729832729322
2.389105998300072        1.8424554534100885
0.7524866998728548       4.440730010484182
1.5707963263689877       3.1415926542797035
2.3891059860665655       1.8424555173746908
2.3891058293767022       4.440730380509907
1.5707963270408036       3.141592653479348
2.389105996538896        4.440729831971889
0.7524866515896161       4.4407298304569505
0.7524866150891397       4.440729769174305
1.570796356405988        3.141592656858901
0.752486658343236        4.440729856108294
2.389105996829148        4.440729833170578
2.3891060126964327       1.8424554759869776
1.570796327418503        3.141592645493962
2.3891060018099175       4.440729835714304
0.7524866572286222       1.8424554763036372
1.5707968555214897       3.1415925494799057
0.7524866568927706       4.440729830982184
1.5707962804437292       3.1415923485958266
1.5707963271195178       3.1415926542821513
0.7524866558254598       4.440729831213667
3.894078667958253        4.440729357906787
1.5707960222315462       3.141592608901115
2.3891059971180657       4.440729831218915
0.7524864108515424       1.8424554849625396
2.389106019171698        1.8424555347276206
1.5707963267725065       3.1415926535818506
3.1415926322265513       5.412202176738571
1.5707953446580902       3.1415931721042654
2.389105995592501        1.8424555394439464
2.389105875664997        4.440729834238504
0.7524866577978957       1.8424554782825298
2.3891059963945227       1.8424554771446555
0.7524866472046668       1.8424554628157432
0.7524866576591551       4.440729830631216
1.5707963268200191       3.1415926534002674
0.752486656208161        4.440729832072499
2.389105079062481        4.4407294663277135
0.7524866829111988       4.440729788232193
0.7524869385013186       4.440730430342041
-2.1773697702631756e-8   0.8709831802561686
-0.7524869582211615      1.8424551087678296
2.389105829183272        1.8424554358623848
2.3891059973995614       1.8424554791114724
0.7524866554279451       4.440729829523891
2.3891062907270606       1.842455723385896
0.7524866537586733       4.440729831920806
1.5707960189800365       3.1415935976885483
3.1415926524662763       0.8709831730504534
1.5707964288190361       3.1415928860855518
0.7524864999843598       4.440729921839278
4.712389148964579        3.1415924252157614
0.7524867576056022       1.8424554704219342
2.389105996923123        1.842455473692591
2.3891059965269306       4.440729830857379
0.7524866427799456       4.44072981652099
2.389105997295889        4.440729830858249
2.3891059958052847       1.8424554759620502
2.3891060046386046       4.4407298180805945
2.389105995631349        4.440729830705144
0.7524866540234736       1.842455472545132
2.389106022955288        1.8424554598614376
2.389105588715885        4.440730460355339
2.3891059989934527       1.8424554762472993
2.38910599486083         4.440729829131487
2.3891059959908          1.8424554728257743
0.7524866490906083       4.440729825021093
2.389106471215684        1.8424557075344614
2.3891059989438825       1.8424554702035831
1.5707964153676452       3.141592613645615
2.5635033802691855e-7    5.412202237982551
2.3891060362864387       4.440729803393024
0.7524866337204205       1.8424554858253295
2.3891059967959767       1.8424554761875491
1.5707961642219932       3.141592411941266
3.141592610038337        5.412201890253892
2.3891059874212712       4.440729805819846
2.389105997846481        4.440729830618088
1.5707965799410126       3.1415925935529825
0.7524865639052427       4.440729878330652
2.389106245530438        1.8424555964698077
2.389106049789904        4.440729872363092
1.5707963022940146       3.1415926383256556
2.389105996251459        4.440729830864624
2.389106073789139        4.440729768868647
1.570796326768369        3.1415926535876397
0.7524864888076679       1.8424557150165428
2.389105991786574        1.842455473130221
1.5707963269065022       3.14159265350597
2.3891059949980087       1.8424554784832101
-0.7524863190993378      1.842455128509118
0.7524866569722205       4.44072983115607
2.389105996662867        1.8424554760262684
2.3891059991542742       4.440729830215329
2.389105820495524        1.8424555550308839
2.389106098179396        4.44072980531785
2.389105997247006        4.440729831627965
1.5707963274363173       3.1415926533958185
1.5707969779016346       3.1415924055252766
2.389105996973776        1.8424554773372694
2.3891059849901617       4.440729835562464
2.389105997861001        1.8424554734873726
0.7524866805224106       4.440729814781887
1.5707963266389358       3.1415926534041843
0.7524866595384312       4.440729829467056
0.7524865827554099       1.8424552471105111
0.7524866571713904       4.440729830911979
1.5707963159285896       3.1415926510954817
0.7524866569038801       1.8424554764008996
2.3891060002598          4.440729832556778
2.3891065672603333       4.440730667851491
3.1415926503410128       5.412202131204425
0.7524866565041974       1.8424554771340695
1.5707963107648044       3.1415926836756185
1.5707963353781238       3.1415926376672716
1.5707963267920584       3.141592653594686
0.7524866627525583       4.440729833664182
1.570796084299002        3.141592791793797
2.389105977542817        4.440729800764582
-0.7524866750937584      1.8424554774261055
1.5707964407183765       3.1415928319637176
2.3891054420400697       4.4407302356671945
2.3891060019477135       4.440729831283565
2.3891059934877554       1.8424554945030842
0.7524866503992187       1.8424554679132872
2.389106052319839        4.440729862598066
2.389106534555664        4.440729929179026
0.7524862978729974       1.8424560062561663
2.3891059974540325       1.8424554754922422
3.8940793734523536       4.440729979967021
2.3891052655581038       4.440729859184661
1.5707963265891305       3.141592652477547
2.38910599562028         4.44072983463045
0.7524866997393226       4.440729235351373
0.7524866696436968       4.440729836493059
1.5707970714995692       3.141591801079354
2.3891060480725197       1.8424561589473762
2.38910668298677         1.8424550646970053
0.7524868539846068       4.440729912955629
2.3891059968046          4.440729830420544
0.7524865888070783       1.8424544784565076
1.570796275847025        3.1415926505439433
2.3891059970466495       1.8424554756736449
2.3891059426007772       4.440730038274956
1.570796322922605        3.141592653938552
0.7524866569376089       1.8424554760568264
2.389106064858978        4.440729809268686
0.7524858420244498       4.440729935329883
0.752486680322771        4.440729845250865
0.7524862389105383       4.440729508590532
0.752486940924804        1.8424552568163792
0.7524866640909801       1.842455385202069
2.3891065429667497       1.8424551064245964
2.389105479204095        1.8424553959941279
2.3891060323772337       4.440729790263228
0.7524865550438306       1.8424553472444847
2.3891059965056183       1.8424554762749692
1.5707963405403016       9.424778014347318
1.5707963259489897       3.1415926565563295
2.389105983494693        4.4407298948755
2.389105996782089        4.440729830874856
-1.5581338214103004e-8   0.8709831576919466
0.7524866566209218       1.84245547619933
1.570796326351878        3.141592654478546
1.570796327318521        3.1415926535513194
1.570796326765658        3.1415926535823795
1.5707963266996532       3.141592653614237
0.7524867118513894       1.842455529224033
2.389105688477344        1.8424555457440484
2.389105984702726        1.8424554393118722
2.3891064733447087       4.440730489019183
2.3891059553844327       4.440729486907561
0.7524864741100635       1.842455712012511
0.7524866671809445       4.440729825652567
1.5707963267708012       3.1415926535821845
2.389105995625126        1.8424554764853363
-7.035671096753966       8.125641535743874
2.3891060083949878       1.842455460488189
-5.530698650434194       1.8424554763391197
0.7524866649612194       1.8424554788852807
1.5707963267746339       3.1415926535467023
0.7524866571938594       4.440729831195952
2.389104820281111        4.440729569832736
0.7524866569412341       4.44072983106435
1.5707961443130165       3.1415924973167377
0.7524867091277053       4.4407298062821505
0.7524869985625853       4.44073025504241
0.752486757775405        1.842455378633829
0.7524866569770203       4.440729830744876
0.752486655227244        1.8424554770479569
-0.752486659070278       1.8424554807040032
0.752486657146353        4.44072982924173
0.7524863275731373       1.8424551794696122
2.3891061675052887       4.440730255629441
1.5707963268071448       3.1415926535389462
0.7524866509510844       1.8424554814811442
2.3891059973055753       1.8424554784352964
2.389105922438887        4.4407297600863025
2.3891059969067405       4.440729831197838
0.7524866640312302       1.8424554714398185
0.7524866570282729       1.8424554755856342
1.5707963100594011       3.141592666168937
2.389105995861612        1.8424554758661025
2.389105976221542        1.8424549313293654
0.7524866587713636       4.4407298315592865
1.5707967634166107       9.42477690211214
4.71238897867457         -40.840704496331554
2.389105919955725        1.8424552183008323
-0.7524864342484006      1.8424552512801842
4.712388823479439        3.141592789488439
0.7524866569440658       4.440729833405189
2.3891059991610115       4.440729831069475
0.7524870981990149       4.440729388113247
0.7524864059508912       1.8424555083832908
0.7524866571406077       1.8424554771679365
0.7524866568123514       4.440729830960766
1.5707963265574512       3.1415926514893324
0.7524866538695          4.44072982819623
0.7524866557146543       1.8424554738672165
0.7524866612690743       4.4407298321673885
0.7524866663162906       4.440729826215095
2.3891059675193365       1.8424554736862386
2.3891059656207925       4.440729857355137
0.7524866568111198       4.440729831005453
0.7524866630464369       4.440729823579483
7.035671960030554        14.408826091048404
2.3891059960888414       4.440729830351242
0.7524866649437987       1.8424554775387263
3.8940793049588476       4.440729838705261
0.7524866555884658       1.8424554762054548
2.3891059922856046       4.440729830747222
2.3891059906066845       4.440729834407792
0.7524864430424625       1.8424544306400479
2.3891056297044364       4.440729922823772
2.389105996716647        1.8424554763005159
0.7524871179902392       1.8424545507924106
0.7524866625648867       4.440729830666112
2.389106013670825        4.440729827999184
0.7524866593204022       4.4407298286647645
0.7524866565229561       1.842455475754016
1.5707963318946991       3.141592644493347
0.7524865575847975       1.8424554147868695
0.7524861836947804       1.8424547137787974
2.3891060236137736       4.440729814213946
2.3891060059855125       4.440729864425616
2.389106645988766        1.842454918725801
1.5707963268782286       3.1415926535832286
0.7524867307833287       4.44072988837271
-11.813884007494284      14.408826143028667
2.389105998614811        4.44072983324165
0.7524868097573831       1.842455371974852
1.570796326795104        3.141592653591761
2.3891060248338745       4.440729834236514
2.389105993549136        1.842455530533393
2.389105818561321        4.4407297757118025
3.141592650682303        0.8709831727530498
2.389106039040264        1.8424552759081956
1.5707963267632772       3.1415926535739116
1.5707963254793413       3.141592652607446
-3.894079310622975       1.84245547606409
1.5707963268668583       3.1415926534771117
1.5707963668117984       3.1415927636004546
2.389106899431987        4.440729888360737
0.7524864132881439       1.8424553689092156
0.75248608755627         4.440730209753613
2.38910599560376         1.842455473556935
1.570796326504234        3.1415926535500027
1.5707963267939289       3.141592653589961
2.38910600648107         -1.8424554336289476
2.3891060079856827       1.8424555002949512
3.894079319940869        4.440729830354039
0.7524864969427317       1.8424557067042715
0.7524867619763755       1.8424553931782752
1.5707964516528743       3.1415926779096184
2.38910599467423         4.440729834114022
2.389105996520884        1.8424554761656027
2.389105994110977        1.8424554793041428
2.389105989259571        4.440729733386404
2.389105996725489        4.440729831211877
2.389105996433888        1.8424554762267147
3.8940793079304483       4.440729813097357
0.7524866572403203       1.8424554762426608
0.7524866564469366       1.8424554768041523
0.7524866495919552       4.440729606606514
3.89407932026255         4.440729821228974
2.38910618215306         4.440729776822825
1.570796326777476        3.1415926535978342
0.7524859926980173       1.8424554219741747
0.7524866568458679       4.440729831139946
2.3891059124311567       4.440729725037475
0.7524866342164799       4.440729820957216
-0.7524866569818233      4.440729831279201
2.389105978109055        4.440729757095429
0.7524866158610476       1.8424553600246176
0.7524866576410109       1.8424550505654007
0.7524857277128463       1.8424558431287315
1.5707964058098804       3.1415927029922757
1.5707963267555929       3.1415926536100063
2.3891059171310802       1.8424551111203233
1.570795773743439        3.141591456689387
2.3891060239798074       4.440729845520444
1.5707959294148228       3.1415939736061236
3.1415926527565268       5.412202133856961
0.7524866567865264       1.8424554763123442
3.8940793212107043       1.8424555093717017
1.570796721453279        3.1415933331069548
2.3891059968010766       1.8424554776146076
0.7524865126484549       4.440729854455505
1.570796326797752        3.141592653587253
0.7524859534692848       1.8424565069814856
0.7524866330391082       4.440729915096349
2.3891063054619277       1.8424549326383346
0.752486657998758        1.8424554755535416
2.389105996470052        4.440729830697899
1.5707963600123804       3.1415926254351896
0.7524866573025137       1.842455476794949
2.389106792850346        4.440730438312462
1.5707963281440622       3.141592654398643
1.5707963267995395       3.1415926535895236
0.7524866570037224       4.440729830753878
0.7524876867736683       4.440728996062622
2.3891059762456046       4.440729825934535
1.5707963267113252       3.1415926536641257
0.61508896999426         6.2831853072579005
1.570796326817989        3.141592653593421
0.7524874806054203       1.8424560227640971
2.3891059965262587       4.440729831021265
1.5707963267956304       3.1415926536055454
1.570796325519612        3.1415926561515994
2.389105996737384        1.842455476089512
2.3891059890395865       4.440729827057518
2.389106132569372        1.8424555118840582
0.7524865601286957       1.8424555986474507
5.53069871167493         4.440730381572533
0.7524866569179642       4.440729831081904
2.389105796739873        1.8424555637723266
2.389105695745689        1.842455451776781
-0.7524867030803567      4.440729836340762
2.389105975695708        1.842455449706889
2.3891059992868384       1.8424554767943677
2.389105990645098        4.440729830767589
1.5707962781597526       3.1415926507951775
2.3891059999437396       1.8424554754963633
2.3891059949274034       4.4407298281090855
2.389106512200934        4.4407292285176325
2.3891060035343763       1.842455488389594
1.5707963267905025       3.1415926535838374
1.5707958656266756       3.141592440179845
0.7524866658336027       1.8424554933503532
0.7524858435744203       4.440729960152209
-0.752486657030541       1.8424554765648768
1.5707956835918033       3.141592532407451
2.3891061869186556       1.8424557990587607
0.7524865295286846       4.440729615942061
2.3891060001502322       4.440730092775278
1.5707962746783353       3.141592640945412
1.570796326833987        3.14159265364325
0.75248665712193         1.8424554762037728
0.7524866461332548       1.842455463078558
2.3891060304988305       1.842455519299046
0.7524866564110486       4.440729830918654
0.7524867747480493       1.8424554048327328
2.389105997541007        1.8424554760761092
0.7524862955826555       1.842455254239378
2.3891059965386114       4.440729831317194
0.7524866898943391       4.4407297886056325
2.526503684198033        6.283185305680012
2.3891060007272613       4.44072974096114
2.3891060282261565       1.8424555117078674
2.389105996398947        1.8424554759106142
1.5707963269437377       3.1415926537276224
1.5707963259787399       3.1415926526315228
1.570796332679944        3.1415926428067498
0.7524866569201415       1.8424554760327494
1.570796210126523        3.1415935176445706
0.7524866573287651       1.8424554760590999
3.8940793112643948       4.440729832048562
2.3891061162030165       4.440729833265654
2.3891059950275637       4.440729819429251
2.389106032309653        4.440729917426155
0.7524866202308694       1.8424554370765538
2.389105996706913        1.8424554756006413
0.7524866511543283       4.440729824901082
1.5707963267976555       3.141592653590944
1.5707963267913576       3.1415926535915792
2.3891059963517898       4.440729831119748
3.8940792948155187       1.842455471241923
0.7524865624034498       1.842455477211667
2.3891059883995314       4.440729810588295
0.7524867696209359       4.440729398874826
0.7524868360159247       4.440729810898491
1.570796241007468        3.1415916907460493
1.5707963268098342       -3.1415926536340555
3.1415926609989246       0.8709831758162068
1.5707956838157704       3.1415922524070514
1.5707963267291434       3.141592653541644
1.5707963360429371       3.14159266304436
2.3891060201437853       1.842455489050066
3.141592492196672        5.412202282837595
2.3891051884963335       1.8424560384541318
3.894079319935383        4.440729845131947
0.7524866645345122       4.440729827010703
4.7123889803864385       3.141592653586326
0.7524868209616186       4.440729256676929
0.752486660072278        1.8424554784507552
0.7524867362902885       1.8424555493167032
0.7524866578190493       4.440729831530699
1.5707963675778445       3.141592578119119
0.7524868755788239       1.8424553912975272
2.389105936181599        4.440729844298955
1.5707963260038174       3.1415926540481043
0.7524874196001994       1.8424552865808108
0.7524866599666934       4.4407298358175895
2.3891059973276656       4.4407298313450685
1.5707963267734026       3.1415926535840057
0.7524866588789593       4.440729837155798
2.389105996453151        4.440729830988128
2.3891065953674984       1.8424554091724235
2.3891059907775274       4.440729844134755
0.7524866189546396       4.440729786990711
0.7524864962144006       1.842455254822813
1.171242566833557e-11    5.412202133287333
1.570796323926653        3.1415926543919768
0.7524866798098941       1.8424559351132441
2.3891058022705924       4.440729622411348
0.7524866556267255       4.4407298279614436
0.7524866562510227       1.8424554767287504
1.5707963267952658       3.141592653585541
2.3891059965388184       4.440729823072399
2.389106027716385        4.440729834722827
3.1415925730952816       5.412201887414343
0.7524859610097046       1.8424559940661736
0.752486646287562        4.440729829472783
1.5707963268033955       3.1415926535839214
2.3891059940493418       1.8424554769821455
2.3891067337286924       4.440730779654216
2.389105943396003        4.440729857463802
2.3891059968500024       1.8424554763560492
16.460449926061234       17.00710044601339
0.7524866565080288       1.8424554755161566
3.8940790478742118       4.440729993454602
0.7524866588445518       4.440729826289663
1.570796326812565        3.1415926535797616
0.752486657837886        1.8424554765583516
0.7524867058851546       1.8424554961478752
0.7524865299342911       4.440729985493836
3.1415925411351906       0.8709832224801324
1.5707963130679614       3.141592671384027
0.7524866555845595       1.8424554759315142
2.389105830142903        4.440729680922937
2.3891059937883443       1.8424554721058553
2.3891048453251655       4.440729799767159
2.3891059972977637       1.8424554535549005
2.3891059739266813       1.842455477324177
0.752487674925836        4.4407290006436355
2.3891059965295534       1.8424554763890537
-4.1910560426866015e-9   0.8709831759806063
1.570796313215846        3.1415926611658813
1.5707959080114935       3.1415924548457976
0.7524866571319713       1.8424554770629085
3.8940793056438165       4.4407298283400305
1.5707964961895517       3.1415917507574354
1.5707963269811278       3.141592654612475
0.7524866597952655       4.4407298312496355
0.7524866574744021       1.8424554761281897
2.3891059979976825       1.8424554498246035
2.389105990080279        4.44072982249431
0.7524868057539205       1.8424545028315278
0.7524866581226465       4.440729838415779
1.5707957299869055       3.141592542621001
1.5707960640516796       3.141592547686004
0.7524866508323568       1.842455475606392
2.3891059964977424       4.440729831080712
1.5707963267956888       3.1415926535871717
-0.7524866565707113      4.440729831511587
2.389105697793558        4.4407303977808885
2.389105937265315        1.8424553597917321
1.5707963171923098       3.1415926560278273
0.7524866574743339       1.8424554758548581
2.3891060129253265       4.44072983946682
1.5707963270684484       3.1415926533516534
0.7524866574441985       4.44072983047663
0.7524866563026628       1.8424554763367778
0.7524860867427944       1.8424561002407602
2.3891063475753778       1.8424559669849703
0.7524866643151232       4.440729861601019
2.3891059950777556       1.8424554811370535
1.5707963767204416       3.141592593642734
0.7524866576363629       1.8424554767994412
2.3891057870241004       1.8424554766784298
0.7524866588893666       4.440729845750719
2.5265036877940767       6.283185313774826
1.570796327074949        3.1415926533352883
-0.7524869950131168      1.8424555889399936
2.389105996559674        1.8424554761753034
1.5707963737750745       3.1415926392042115
2.38910601071657         4.440728720666016
1.5707954930200436       3.141592690039054
1.5707963267548126       3.141592653612736
2.3891059026958485       4.440729849952233
2.3891059963430568       4.440729830721374
2.389106323851788        4.440730094538221
0.7524866577994257       1.8424554760320904
2.3891059972832935       4.44072983801678
1.570796168661116        3.1415919704791033
2.3891059887079478       4.440729825526474
1.570796451801288        3.1415926239940366
1.5707963268007872       3.141592653576771
0.6150889708858954       -1.9965441311752295e-9
0.7524866568107168       1.8424554764836654
2.389105912389044        1.8424554788556313
0.7524866563237931       1.8424554754268136
2.3891059974455033       1.8424554750379998
2.3891066222439226       1.842455211158393
1.5707963426914786       3.1415925811609187
2.3891059966395187       1.8424554760595668
0.7524865143987187       4.440729972343986
1.5707965565221405       3.141593364523437
1.5707963268645835       3.1415926535869767
1.5707963734357877       3.1415927356520044
2.3891060220163403       4.440729843374747
1.5707948255719004       3.141592822689231
1.5707963333244532       3.141592647569925
0.7524866483530095       4.440729841304353
0.7524866568407577       1.842455475160232
0.7524866783883867       1.8424554544118976
0.7524866574524565       1.842455474302161
2.389105979341088        4.440729819458866
0.7524866536739858       1.842455472246796
2.3891059966095267       1.842455476772051
2.389105996732769        1.842455476164457
0.7524866533253871       4.440729821402726
1.5707963341899998       3.1415926462682315
0.7524864897796083       4.44072964690896
0.7524866560627224       1.8424554934257
0.752486657010083        1.8424554876760575
1.5707963601696828       9.42477793487318
2.3891059977380738       1.8424554756177178
-2.389106752858005       4.440728736531411
2.3891059985982963       1.8424554778164435
2.3891059967745045       1.8424554776067377
2.3891059966545742       1.842455475968412
0.7524866569770373       1.8424554764422814
1.570796687388956        3.1415924546893277
2.3891059965164425       1.8424554776556454
2.3891059979343936       4.440729828078418
0.7524863331016249       4.44073034107531
0.7524866569535521       4.440729831215336
-4.7123889740016365      9.424778015173862
2.3891059965879062       4.440729830861718
2.3891059969923725       4.440729830276338
0.7524866921329345       1.8424553744428713
2.389105996299086        1.8424554754169113
0.7524869035398349       4.4407296181090805
1.5707963268064036       3.1415926535320597
1.5707963260595925       3.1415926555042244
0.7524866862666927       4.44072975699425
1.570796327012235        3.1415926530801666
0.7524865822795557       1.8424554412725413
0.7524866464884707       4.440729827620601
3.8940792778739417       1.8424554735092502
-5.530698650908223       1.8424554763428207
1.5707963267892413       3.141592653579138
1.5707963214049454       3.1415926530394502
1.5707963404352243       3.1415926483826633
2.3891065386486274       1.842456105068796
0.7524865896549556       4.4407298646656
2.3891059877875014       1.8424554737012178
2.3891067437987474       1.8424555686295925
0.7524866606438446       1.842455472897437
2.389106025743984        1.84245541066869
0.7524866570658582       4.440729830811536
1.5707957269642168       3.1415926960004206
8.672291346162883        -10.723915132431607
0.7524866578967594       1.8424554753955715
2.3891059924204043       4.440729822859082
0.7524866412572528       4.440729842219068
2.3891060034240605       4.440729835324727
0.7524866218884725       1.842455523244418
1.5707963267901506       3.1415926535942464
1.5707963267530252       3.141592653597678
1.570795803757071        3.141593892366169
0.7524866567004878       1.8424554756811253
0.7524872416059042       1.8424550189107871
0.7524866825506707       4.440729846138751
2.3891059973719466       4.440729831429059
2.389105952059743        1.8424555137309406
0.7524866564583508       4.44072983144862
0.7524865854074823       4.440729852267527
2.389106040845686        4.440729928025988
1.5707963268930651       3.141592653567567
2.3891059966780603       1.8424554763007512
0.7524867230166675       4.44072983575597
-9.65351133753572e-8     5.412202095675405
0.7524866369462628       -4.440730577663439
0.7524865894044216       4.440729892266914
1.5707963103751015       3.1415926505173113
2.389105997129617        1.8424554783027363
2.389106308426694        1.8424554684824588
2.389106160163182        1.8424554891402947
0.7524878594525939       4.440729523935037
0.7524866568225314       1.84245547747008
2.3891059952391975       1.8424554773411024
1.5707963169852106       3.1415926500829374
2.3891061994629967       1.842455525848046
2.389105998630206        4.440729826848998
2.3891060479560275       4.440729809893852
1.570796342047244        3.1415926483409367
