0.4987594760900713       0.002141571863893364
0.49875947610803323      -0.002141571881385818
0.4987594760681107       0.002141571831846395
0.4987594761634133       0.002141571752435232
0.4987594760928323       -0.0021415720215184333
0.5024810579822534       -2.86112563802748e-11
0.5024810579947673       -7.465404940128543e-15
0.49875947607036497      0.002141571835308679
0.49875947606686355      0.0021415718321983177
0.4987594760696767       -0.0021415718321352887
0.5024810579951331       2.931706316628918e-14
0.5024810580066166       6.43973299680942e-11
0.49875947606787097      -0.0021415718324249025
0.49875947607957016      0.002141571904782971
0.49875947606831256      0.002141571832271165
0.5024810580289407       4.199925167687897e-11
0.5024810579684327       3.1530494039429923e-11
0.4987594760685339       0.0021415718321251
0.5024810579850333       8.766378218430562e-12
0.4987594759762823       0.0021415716849339443
0.4987594760689003       0.0021415718329567584
0.49875947606823445      -0.0021415718321835552
0.5024810579947749       1.64474976308624e-14
0.5024810579931879       -6.554124954569809e-13
0.4987594760689451       -0.0021415718345957242
0.49875947606829757      0.002141571832111208
0.49875947613682675      0.002141571886882295
0.49875947606745347      -0.0021415718326163818
0.49875947606834614      0.002141571831676861
0.5024810579945829       -5.235785769930631e-13
0.49875947606830084      0.0021415718321764147
0.4987594760683612       0.0021415718327436094
0.502481057993819        -1.6332541167872554e-12
0.49875947606825854      -0.0021415718320478352
0.49875947606838955      -0.00214157183246974
0.4987594760687332       0.002141571827132762
0.4987594760882744       -0.0021415718274989904
0.5024810579947724       -3.793040268973432e-14
0.49875947606876536      0.0021415718324584512
0.4987594760683097       -0.0021415718321786143
0.4987594760682939       0.0021415718321752914
0.4987594761050904       -0.0021415717689567235
0.49875947606827675      0.002141571832158056
0.49875947606806426      -0.002141571830322063
0.4987594760682984       -0.0021415718321726785
0.5024810579953349       -5.85260640370426e-13
0.5024810579947606       2.0011182154014814e-14
0.4987594760842234       -0.002141571644932583
0.4987594760580247       -0.002141571833212794
0.4987594760668446       -0.0021415717983555424
0.4987594760654731       0.0021415718295107328
0.4987594760101495       -0.002141571782329901
0.4987594761012523       -0.002141571741260697
0.4987594760678623       -0.0021415718312269884
0.4987594760040419       0.0021415715368583526
0.49875947606828847      0.0021415718321946115
0.49875947606877535      -0.0021415718326108
0.5024810579907457       -1.3635377638643434e-11
0.498759476057964        0.0021415718184535277
0.5024810580049286       -8.07680726224258e-12
0.4987594760683135       -0.0021415718322142455
0.502481057995212        2.8927430355609236e-13
0.5024810580225026       2.063233870062524e-12
0.5024810577427026       -1.0284153850589785e-10
0.4987594760682952       -0.00214157183218955
0.49875947606970905      0.0021415718232724295
0.5024810579329386       6.985448962853311e-11
0.49875947606774773      0.0021415718415306578
0.4987594760685736       0.0021415718322923775
0.4987594760942831       -0.0021415719357444985
0.4987594760669404       -0.0021415718336781097
0.49875947620221894      -0.0021415718485592625
0.5024810580037246       4.0805334558314906e-12
0.4987594761039109       -0.0021415717624608116
0.49875947607077076      -0.0021415718303740136
0.49875947606989596      0.002141571834710595
0.4987594761689575       -0.0021415717692905515
0.49875947606836196      0.0021415718321934553
0.5024810579915868       -3.996152605575089e-15
0.49875947608828425      0.0021415718021865664
0.4987594759997859       0.002141571961056202
0.5024810579824286       -3.807023686644327e-11
0.4987594760688844       -0.002141571834019423
0.4987594760809124       -0.0021415718694456853
0.4987594760683149       -0.00214157183214312
0.4987594760616509       -0.002141571836620621
0.49875947612485205      -0.0021415719807617696
0.49875947606834253      -0.0021415718321683513
0.49875947606875776      -0.0021415718327864046
0.49875947606817966      0.002141571827484404
0.4987594760686423       0.002141571832243989
0.49875947611512217      -0.00214157184291555
0.4987594760681187       0.002141571831629277
0.49875947605786514      0.002141571809109846
0.49875947606947285      0.002141571832786557
0.5024810579456582       -3.5020755298200164e-11
0.4987594760727651       0.0021415718379342846
9.159339953157541e-15    1.0129300842981527e-15
0.4987594761111987       0.0021415719335788636
0.4987594760687426       0.002141571832194214
0.49875947606828464      0.002141571832169252
0.4987594760171093       -0.0021415718385399025
0.49875947606865667      0.002141571832250116
0.498759476068174        0.0021415718324150645
0.4987594760683285       0.002141571832460152
0.4987594760671533       -0.0021415718346090165
0.49875947606831894      0.0021415718322159625
0.49875947606810234      -0.002141571831918461
0.4987594760690714       -0.00214157183538232
0.4987594760682967       -0.002141571832168773
0.498759476064729        -0.002141571826226637
0.5024810579961072       9.464791683446264e-12
0.49875947606917453      0.0021415718336087516
0.49875947606827975      0.0021415718320542433
0.5024810580186359       -2.8877049184023857e-11
0.5024810579954961       1.40701077457856e-12
0.4987594760681978       0.0021415718334860567
0.498759476068213        -0.0021415718321671677
0.49875947606820537      0.0021415718323208417
0.4987594760730515       0.0021415718318479353
0.49875947605774434      -0.0021415718391582382
0.49875947606827464      -0.002141571831555328
0.49875947604692         0.0021415718026180234
0.4987594760671024       0.002141571833083258
0.5024810579947666       -2.4897751608609755e-15
0.49875947606801463      0.002141571832492353
0.4987594760682913       0.0021415718321770483
0.4987594760684271       -0.0021415718322463765
0.5024810579951278       5.129977403060962e-13
0.4987594760682395       0.002141571832138369
0.5024810579948171       6.889137646389977e-14
0.498759476067251        0.0021415718331673547
0.5024810579946244       -5.294174446402526e-13
0.5024810578269642       1.3959896757565933e-11
0.498759476068405        0.0021415718321696996
0.5024810579961506       4.846260321364968e-12
0.5024810579947729       -1.2526871733310726e-13
0.4987594760658194       0.0021415718315828886
0.4987594758647995       0.002141571574428252
0.502481057982194        -2.1155020089692954e-11
0.4987594760649201       0.0021415718338977053
0.5024810579912213       -2.681820695432161e-11
0.502481058020998        5.056736999851917e-11
0.5024810579947793       2.744850921173795e-14
0.5024810579712806       6.693953970148189e-12
0.4987594760700964       0.0021415718411761497
0.49875947607199317      0.0021415718311288455
0.5024810579843555       1.3916366649463208e-12
0.5024810579947698       -8.601507488122613e-15
0.49875947606815063      -0.0021415718321733937
0.5024810579936902       -7.057196026958575e-12
0.4987594760632996       -0.0021415718377265206
0.4987594761649742       0.0021415718672668496
0.49875947604274173      0.0021415718343901873
0.5024810579770224       -4.383245936187197e-11
0.4987594760682326       0.002141571832027899
0.49875947606840887      -0.002141571832135027
0.5024810579731738       -1.0146379479162848e-11
0.502481057995683        -2.5981433717887245e-12
0.5024810579732807       1.1143355627446458e-11
0.4987594760682914       -0.0021415718321711316
0.5024810579823596       -1.6056046630708518e-11
0.49875947606735827      0.0021415718319314054
-5.551115123125783e-17   4.444502598522175e-18
0.4987594760681259       -0.0021415718321585245
0.5024810580560339       1.1165702922284294e-11
0.4987594761897961       -0.0021415719045289696
0.4987594760672494       0.002141571831404658
0.49875947606829013      0.0021415718321917245
0.49875947606829646      -0.00214157183219159
0.49875947615482596      -0.0021415719275468827
1.6381340728344185e-13   1.3696318822933937e-13
0.4987594760623064       -0.002141571803246133
0.5024810579947836       -4.7006915086084516e-14
0.5024810579947855       -2.7949484347410924e-15
0.5024810579948095       -4.8087587529590156e-14
0.49875947606810067      -0.0021415718320679095
0.5024810579947674       1.1564926162679514e-15
0.4987594760674238       0.002141571834663074
0.4987594759986618       0.002141571762982539
0.502481057994963        8.277662091583063e-13
0.49875947606829296      0.0021415718321853407
0.4987594761976144       0.0021415719321165975
0.49875947607250015      -0.002141571834459235
0.5024810579948182       -5.84837708342915e-14
0.49875947601081294      0.002141571800539593
0.49875947606752813      -0.0021415718342605765
0.4987594760682661       0.0021415718317831633
0.5024810579955866       -1.3597821637857155e-12
0.49875947606529547      -0.0021415718400382786
0.5024810579947936       -2.0754899911888997e-14
0.49875947606947324      0.002141571833600761
0.49875947604832593      -0.0021415717604398262
0.50248105800063         1.0290119279316502e-11
0.4987594760693097       -0.0021415718220994494
0.49875947600187165      0.0021415718767093454
0.49875947595997355      0.002141571766883794
0.49875947601938847      0.002141571788768281
0.49875947606831694      -0.002141571832045155
0.4987594760682912       -0.002141571832176379
0.4987594760689485       -0.0021415718287116445
0.5024810578355408       7.5126286262447e-11
0.49875947607261173      0.002141571837274138
0.4987594760697752       -0.002141571831140948
0.49875947606847487      -0.0021415718324051657
0.49875947606383497      -0.0021415718422444483
0.5024810579947565       -4.732968352784415e-14
0.4987594760372872       0.002141572046563644
0.49875947599522935      0.002141571806678523
0.4987594760684296       -0.002141571832136724
0.5024810577058709       5.601041768581035e-11
0.4987594761624089       -0.002141571828053534
0.4987594760678425       0.0021415718321024747
0.5024810579876696       1.0963537395934705e-11
0.4987594761155025       -0.0021415719390599484
0.5024810579947687       1.309903663224596e-13
0.4987594760687212       -0.0021415718317015983
0.4987594760774287       0.0021415718421866335
0.4987594760535863       0.0021415718333346254
0.502481057995422        1.0022992044509868e-12
0.4987594760683768       -0.002141571832232398
0.5024810579946924       1.1748031013621124e-14
6.512013150938856e-13    5.651286676092078e-13
0.49875947595571124      -0.0021415718790852765
0.5024810579942741       3.696824522636673e-15
0.49875947606827925      -0.0021415718321163265
0.49875947610668403      0.00214157182881802
0.49875947606816695      0.002141571832634893
0.5024810579955351       1.4443375214441243e-12
0.49875947621943695      -0.0021415718626548925
0.49875947607146426      -0.002141571829236845
0.5024810579936375       4.319353865335222e-12
0.4987594760682919       -0.002141571832183959
0.5024810579927441       -1.5299603973497746e-12
0.49875947606818755      -0.002141571832019018
0.4987594760683465       0.0021415718321560646
0.49875947606821436      -0.002141571832554183
0.5024810579947736       -6.8535830427471315e-15
0.4987594761136238       -0.002141571801466879
0.4987594760646683       -0.0021415718361200184
0.49875947609494964      -0.002141571834037612
0.4987594760365921       -0.002141571839259964
0.4987594760377696       -0.002141571883071373
0.4987594760683049       -0.0021415718321863234
0.4987594760630787       0.002141571835034214
0.5024810578441536       4.928306283253033e-11
0.4987594760686453       0.002141571835194814
0.4987594760683235       0.0021415718321892902
0.502481057994843        -1.659586965550588e-14
0.49875947604401755      0.0021415718634802123
0.4987594760682803       -0.0021415718321797965
0.5024810579959438       1.0761779982122705e-13
0.49875947606829385      0.0021415718321848645
0.49875947606825866      0.0021415718321880256
