0.6154263459290406        -2.951011079850403e-14
0.4427002578830931        0.0863931897834901
0.615426345926565         1.300515084392176e-12
5.3235194030776256e-14    -6.384830085406338e-14
-7.009393065970926e-13    -1.939441187212035e-13
0.4427002578829339        0.0863931897835013
0.442700257882934         0.08639318978350194
0.4427002578829339        -0.0863931897835025
0.442700257882934         0.08639318978350233
0.44270025788281436       0.08639318978352817
0.44270025788293393       -0.08639318978350244
0.442700257882934         -0.08639318978350252
0.6154263459290301        1.2868144138867848e-16
0.6154263459290303        -8.878606518571632e-17
0.4427002578829339        0.08639318978350245
0.44270025788289374       -0.08639318978349012
0.44270025788290385       -0.08639318978354428
0.6154263459290303        2.8724542595235166e-16
0.4427002578829955        0.08639318978344049
0.4427002578829339        0.0863931897835025
0.4427002578820997        -0.08639318978514811
0.44270025788293077       0.08639318978350277
0.44270025788293377       -0.08639318978350244
0.44270025788295414       0.08639318978352276
0.44270025788173883       0.08639318978136082
0.4427002578824721        0.08639318978321364
0.6154263459290303        1.2000483044215762e-16
0.4427002578829363        -0.08639318978350236
0.4427002578828826        -0.08639318978343688
0.44270025788293654       0.08639318978349089
0.4427002578836098        0.08639318978310301
0.4427002578830411        -0.08639318978357716
0.4427002578829342        0.08639318978350238
0.4427002578829339        -0.08639318978350248
0.44270025788283063       0.08639318978348295
0.                        -1.7671522093484635e-17
-3.3362201889985954e-14   -1.6945696137143474e-13
0.4427002578826111        -0.08639318978356583
0.4427002578829898        -0.08639318978347349
0.44270025788323014       -0.08639318978305507
0.44270025788293393       0.08639318978350263
0.442700257883313         0.0863931897831163
1.6653345369377348e-16    4.7400571738412616e-18
0.6154263459290303        7.099745832822096e-17
0.44270025788294415       -0.08639318978349103
0.4427002578833412        0.08639318978275524
0.6154263459290557        9.165529722520219e-15
0.4427002578829362        -0.08639318978351833
0.6154263459307201        -1.1275686287273871e-12
0.4427002578829337        -0.08639318978350247
0.6154263459290519        2.168342474375819e-13
0.6154263459290237        2.153601735489391e-14
0.44270025788284917       -0.08639318978376032
0.44270025788293643       -0.08639318978349912
0.442700257882945         0.08639318978350266
0.44270025788315115       0.08639318978279692
0.44270025788293405       0.08639318978350224
0.4427002578829339        -0.08639318978350252
0.442700257882934         -0.08639318978350263
3.552713678800501e-15     -4.563433640422443e-15
0.4427002578829322        0.08639318978350194
0.4427002578829339        -0.08639318978350248
0.44270025788293343       0.08639318978350169
0.44270025788293377       -0.08639318978350247
0.44270025788293366       -0.08639318978350247
0.4427002578829327        0.0863931897835006
0.4427002578829364        -0.0863931897835025
-2.3592239273284576e-14   -1.4342236346702945e-14
0.44270025788290024       0.08639318978353654
0.442700257882934         0.0863931897835025
0.44270025788271894       -0.0863931897828597
0.6154263459290717        3.485716661211929e-14
0.44270025788305256       0.08639318978365176
0.4427002578829338        -0.0863931897835025
2.2160051571518125e-13    7.94327718800906e-13
0.44270025788289813       -0.08639318978358479
0.44270025788270256       0.08639318978345226
0.4427002578829339        0.08639318978350252
0.4427002578829336        0.08639318978350262
0.442700257885606         -0.08639318977905955
0.442700257882934         -0.086393189783502
0.6154263459290303        -2.56417303461031e-17
0.442700257886534         0.08639318978236568
0.4427002578796696        0.08639318978418281
0.44270025788293127       -0.08639318978350632
0.4427002578829369        -0.08639318978348859
0.                        1.1229757511984144e-17
0.4427002578829337        0.0863931897835027
0.4427002578804638        -0.0863931897869273
-4.912736883966318e-14    1.227861215992004e-14
0.44270025788293393       -0.08639318978350244
5.10702591327572e-15      2.0250209517898578e-14
0.44270025788282763       -0.08639318978340581
0.6154263459290465        1.589474884912738e-14
0.4427002578830544        0.08639318978257021
0.442700257882733         -0.08639318978486824
1.340039190722564e-13     3.2337678304257803e-13
0.4427002578829339        -0.08639318978350248
4.440892098500626e-16     -7.945248488705343e-16
0.44270025788293377       -0.08639318978350244
0.4427002578829338        0.08639318978350247
0.44270025788293377       0.08639318978350262
0.44270025788293255       0.08639318978350631
1.0158540675320182e-14    2.2027552485932604e-14
0.44270025788293393       0.0863931897835025
0.4427002578829339        -0.08639318978350247
0.44270025788293377       -0.08639318978350252
0.6154263459289252        9.24558375067461e-14
0.4427002578831934        0.08639318978361332
0.44270025788296974       -0.08639318978352953
0.4427002578829339        -0.0863931897835025
1.5443202272535927e-13    -1.161156460554489e-13
0.4427002578829338        -0.08639318978350319
0.6154263459290301        -9.467816647053349e-17
0.44270025788293604       -0.08639318978350484
0.4427002578830912        -0.08639318978360136
0.44270025788381          0.08639318978191898
0.6154263459318509        1.2885192874419356e-13
0.4427002578829338        -0.08639318978350244
0.442700257882461         -0.08639318978400842
0.4427002578829341        0.08639318978350227
0.4427002578829286        0.08639318978350571
0.44270025788293976       -0.08639318978350063
0.4427002578818444        -0.08639318978030419
0.44270025788294054       0.08639318978349546
0.4427002578829346        -0.08639318978349177
0.44270025788293343       -0.08639318978350284
0.                        3.579480236381455e-18
0.4427002578830513        0.08639318978345537
0.4427002578895397        -0.08639318978935956
0.44270025788342365       0.08639318978446371
0.4427002578829361        -0.08639318978353014
0.4427002578829331        0.0863931897835029
0.44270025788293377       0.08639318978350256
0.4427002578829156        -0.08639318978347675
0.                        4.989404097919936e-22
0.44270025788386624       -0.08639318978381824
0.44270025788293377       -0.08639318978350247
0.                        -3.823737318982106e-18
0.442700257885254         0.08639318978253355
0.6154263459290239        -1.5345651733961449e-15
0.44270025788293366       0.08639318978350244
0.44270025788293393       -0.08639318978350255
0.44270025788293377       0.08639318978350244
0.4427002578845009        -0.08639318978431251
0.6154263459288004        2.423698297563057e-13
0.4427002578829339        0.08639318978350247
0.6154263459292124        -1.148714185658373e-13
0.6154263459290303        2.6830870531640506e-17
0.4427002578829849        -0.08639318978343405
0.6154263459290303        1.6390328639594574e-17
0.44270025788293477       -0.08639318978352403
0.44270025788293366       0.08639318978350238
0.4427002578820265        -0.0863931897840739
0.44270025788293343       0.08639318978350144
0.6154263459290303        1.0273158166320722e-17
0.4427002578830579        0.08639318978346622
0.4427002578829339        -0.08639318978350244
0.44270025787792          0.08639318978159238
-6.661338147750939e-16    -2.820369666450494e-15
-2.850220059968933e-12    -3.4601216983542205e-12
-1.5543122344752192e-15   -2.757336656789676e-15
0.4427002578829339        -0.08639318978350248
0.4427002578829337        0.08639318978350258
0.44270025788322553       0.08639318978220419
0.6154263459289837        -6.91394273526595e-15
1.8697821069224574e-12    1.6048521533095084e-14
0.44270025788293393       0.08639318978350247
0.4427002578828729        0.08639318978341654
-9.586775817638227e-14    7.041769909472088e-14
0.4427002578829338        -0.08639318978350152
0.6154263459290301        7.16825115271542e-17
0.442700257883503         0.08639318978465854
0.44270025788293366       0.08639318978350216
0.44270025788293393       0.0863931897835025
0.44270025788293366       0.08639318978350242
0.4427002578856003        0.08639318978443072
-1.3877787807814457e-16   -1.7575833680409947e-16
0.6154263459278836        -3.440426709243285e-12
0.4427002578829338        -0.08639318978350258
0.442700257882934         -0.08639318978350242
0.                        3.869578147784168e-20
0.44270025788144346       0.08639318978487609
0.6154263459292233        2.9989783136203665e-14
-1.1102230246251565e-16   1.626225174912691e-20
0.44270025788286416       0.08639318978348129
0.                        -4.269940585350035e-18
0.4427002578829319        0.08639318978350229
0.4427002578827294        0.0863931897837425
-1.1102230246251565e-16   -3.491039732189521e-19
0.                        -8.996335424015215e-21
0.44270025788133466       0.08639318978425159
0.44270025788012973       -0.0863931897822864
0.4427002578821521        -0.08639318978426055
0.4427002578829291        0.08639318978352331
0.44270025788283435       -0.08639318978348903
0.4427002578829321        0.08639318978350284
0.44270025788293554       0.0863931897834798
0.4427002578829339        -0.08639318978350241
0.44270025788293393       -0.08639318978350245
0.44270025788328293       -0.08639318978209437
-1.2295719997723609e-13   -2.043046425661546e-13
0.4427002578849135        -0.08639318978341862
-1.1102230246251565e-16   1.396068762345117e-18
0.44270025788293393       0.0863931897835025
0.44270025788193357       -0.08639318978239086
0.4427002578831101        0.08639318978361027
0.44270025788294187       -0.08639318978349222
0.4427002578829338        0.08639318978350247
0.442700257882934         -0.08639318978350255
0.                        1.044619996451938e-20
0.61542634592903          -2.8361312335052636e-15
0.44270025788293393       0.0863931897835025
0.44270025788293377       -0.08639318978350248
0.4427002578846761        -0.08639318978253813
0.6154263459289767        6.401858185862131e-14
0.6154263459290303        -7.890420871142233e-17
0.                        -1.139499018826534e-18
0.44270025788297807       0.086393189784785
0.44270025788293804       0.08639318978350502
-1.1102230246251565e-16   1.1950639531832938e-23
0.                        -1.9886009113347956e-21
0.442700257882524         -0.08639318978791109
0.4427002578829341        0.08639318978350283
2.2287727219350018e-14    -1.0706583825073738e-13
0.4427002578829337        0.0863931897835028
0.4427002578829037        -0.08639318978350549
0.4427002578821554        -0.08639318978389343
-1.6925905121922824e-12   5.657797394615658e-13
0.4427002578829339        0.08639318978350248
0.4427002578829337        0.08639318978350238
0.44270025788293377       0.0863931897835025
0.4427002578829338        0.08639318978350252
0.44270025788265444       0.0863931897838155
1.1102230246251565e-16    2.1109908382644559e-16
0.4427002578829335        0.08639318978350302
0.44270025788293355       -0.08639318978350244
0.                        3.566632992096653e-23
0.6154263459290411        -3.06693537142081e-14
0.4427002578829611        -0.08639318978357516
0.44270025788176953       0.08639318978348927
0.4427002578829148        0.08639318978346994
0.6154263459288918        -1.1847267684104548e-13
0.6154263459290303        9.101251422487259e-18
0.4427002578829291        0.08639318978351992
0.44270025788241507       -0.08639318978446205
0.44270025788293343       0.0863931897835023
0.44270025788294065       0.08639318978353092
0.4427002578829338        0.08639318978350244
0.4427002578823966        0.0863931897827932
0.442700257882949         -0.08639318978364455
0.4427002578883847        0.08639318978854826
0.4427002578829344        0.08639318978350238
0.4427002578829412        -0.08639318978350394
0.44270025788344636       -0.08639318978335948
1.1102230246251565e-16    1.6283932928610994e-16
