9.186749707513252         2.0813617189752627
2.122983888315496         2.081361868915352
9.186749704713467         2.0813617342128334
9.186748119922301         2.0813641300452153
9.186749742033276         4.201823592459098
5.6548667785765545        3.141592621920783
9.186749773802442         4.201823553134885
9.18674975450264          2.081361756636113
9.207746549313613         6.283185674495024
5.6548670784534085        3.1415947452881863
9.186758191593096         2.081361945476531
9.186750014731002         4.20182342105783
31.806216801565572        4.201823578403462
2.122983768733732         4.20182366962695
2.12298573605798          2.081360761607295
9.207742453722624         6.283186019428815
9.18675580889424          4.201821843836056
2.122983824192665         2.081361720647271
2.122980722052445         4.201831166578915
9.186749696833914         4.201823580641793
9.186749095170413         4.2018243223776395
2.1229840935903357        2.0813612389686367
5.654871980236097         3.141592826518016
5.65486677624876          3.141592653716756
9.186749320912373         4.201821713622459
2.1019846036438765        6.2831876363515
1.93553108335286e-7       4.726389814199664
5.654866849228971         3.141592665676999
9.186749707962752         4.20182357648997
2.122991110892262         4.201825810150099
2.1229838269013808        4.2018235813424285
5.654866698724548         3.141592558382117
5.654866776460162         3.1415926535876664
9.207743755384364         6.283188442593857
2.1229849084977057        2.0813639658983196
9.186749657360519         2.0813617346202338
5.65486677636908          3.1415926535911014
5.654866728976746         3.1415926887679944
2.1229830046960694        2.081361995203199
9.186749661466518         4.2018234830503545
2.1229838401352885        2.0813617336539068
2.1229840269876443        4.201822574774621
9.18674986271101          4.201823942600063
2.101991206396106         6.283184342088726
9.186748789933564         2.0813631437171094
2.1229831540503508        2.0813616980192613
2.1229799336907567        2.081361469344675
2.101992024105245         2.841688939854664e-7
2.1229844647553797        2.081361558245277
2.12298445180076          2.0813622442403603
2.122981840687497         2.0813684710995433
2.1019907103991597        18.849556084507483
5.654866776345293         3.141592653613448
9.186758630676017         4.201820755089815
9.186750322723077         4.2018225914138485
5.654866904551849         3.141591639132641
2.1229835776581942        2.08136176825695
2.1229838576029407        4.201823464818461
9.186749699207592         4.2018235738428285
2.1229795539165757        2.081362418062512
9.18674973720273          2.081361715456653
2.1019911376762566        6.283185294847265
13.432717379663966        2.081361601894573
9.207742423654247         6.283185323511362
9.186749764605791         2.081361688773838
9.18674972336028          2.081361735145126
2.10199448283208          6.114136361003858e-7
2.122983377776687         2.0813644662627397
2.122983916556065         2.0813614763835515
2.1229841729603005        2.0813618142110006
5.654866783077338         3.1415926525146043
9.186750064566418         2.081361719197179
-2.1229838255096825       -16.7681941997053
6.682988511435943e-9      1.5567956100457914
9.20774238970095          6.283185313590752
5.654866808823228         3.1415926527439417
2.1229838514316324        2.081361677096492
9.207742351620238         3.2653086917687427e-7
9.186749546233488         2.0813615429294865
5.6548667871933125        3.141592661015782
9.186749723938282         4.2018235951585625
9.207740894368442         9.099760566343346e-7
9.186749775204738         4.2018294457550365
9.186749457660747         2.081361591137659
2.122981960517631         -2.081361884670133
9.18674771264093          2.081363808220429
2.122984437376639         4.201821035443213
2.122983896039622         2.0813619435976385
2.122977715627057         2.0813645041172086
2.1229836906433808        2.0813618544425907
9.186749684434389         4.201823584415569
2.1229838506937706        2.0813617194620133
9.186749028223229         4.201823948510303
2.122983831078458         2.081361716821189
9.186749345133576         2.0813617353703973
5.654866778627568         3.1415926342481777
11.309733357269941        1.5567956078332914
9.207741828589395         6.283184279145304
5.654866918715526         3.1415924626479583
9.186749270249116         2.0813675789550965
5.654866776448678         3.1415926535648437
9.20774038985768          6.283184429435053
9.186749924478114         4.20182324291194
2.1229838449817358        4.201823600702884
9.18674579174912          4.201821447041989
5.6548667764085705        9.424777961217648
2.1229858702183324        4.201828264319986
2.12298378439986          2.0813617412215484
2.1229822145886534        2.081356946324396
9.186749908902192         4.201823599636977
9.186749716822005         2.081361677539285
5.654868804535025         3.1415917730024017
2.122983826769417         4.201823592563803
9.186750889170458         4.201824567211121
2.122983834865258         2.0813617313265103
9.186749945461372         2.081361585506689
9.186749727676863         4.201823565057069
5.654866721000983         3.14159263333298
2.101991172503355         -9.730976012132364e-8
5.65486494566668          9.424779418405224
2.1229838265768386        2.0813617415786823
5.654866775347025         3.14159264974896
2.1019913564322037        6.283185180881641
2.12297583707127          4.201825036959302
2.1229838493860975        4.201823595343424
2.1229840824488813        4.201823873687641
9.186750170645029         4.201824906874847
9.186749739615813         4.201823629394642
9.20774208685408          -1.560213110517628e-7
5.65486677626317          3.1415926538243406
9.207742445520893         2.6851001674296814e-8
9.186749527016747         2.0813613050854505
9.186747300727335         8.364545668737216
2.1229838703505877        2.0813616954352407
9.186749765423016         2.08136178963191
9.186749892668779         4.201823618722882
2.122991140277634         4.201820536497972
2.1229752566027797        2.081364874163642
2.1229839359771008        2.081361680641251
2.1229880850916945        4.201820367961785
2.122984014719824         2.081361627860881
9.20774239008693          -7.164799725383356e-9
5.654866776750274         3.141592653359705
2.122983838675497         4.2018236105619415
9.186749700905496         4.201823589803113
2.1019890152412963        2.1684890190295993e-6
2.122983840654795         4.201823569638901
2.1229835563031196        4.201823036309767
9.186749581696146         4.20182349951736
9.186749850829873         2.0813617490493153
9.207742572537004         9.808241833371184e-9
9.207741636390018         6.283185981377999
2.1229821513243032        2.081361386983204
9.186749721626054         4.201823601472174
2.1229864770392273        4.201821994877347
5.654866834261383         -3.141592657505316
9.186758871822594         4.201819717418315
2.122983715466087         2.0813614194021355
2.1229839634576972        -4.201823900388933
2.1019912832756416        6.283185214347434
9.186743433521642         2.0813580384004258
2.1229840959784285        4.201823864358909
9.186749526656806         2.0813607401291896
9.186749951850185         2.0813622098573172
9.207742394052286         6.283185290291944
9.186750128262553         2.081361099232611
9.186749565868908         4.201831965250845
9.186749717989825         2.08136171412811
2.101991158692887         6.283185290173917
9.186749825445384         4.201821380224517
9.18674999448789          -2.0813618915536174
5.65486879434439          3.1415909841532885
2.101991419409144         -4.630498651763044e-7
9.186749696579204         2.0813617300831666
9.186749446539341         4.201823502062975
2.1229918086128086        2.0813575493873167
5.654866765286287         3.1415926402841845
5.654866826074336         3.1415925923856753
2.122983538319441         2.081362780301424
9.18674971726257          2.0813617198237178
5.654866776413342         3.1415926536039924
9.18674925386611          2.081362451896129
9.18674480167646          2.0813565224799517
9.18674962431534          4.2018239204851575
5.654866775571128         9.424777957627933
9.186749914410365         4.201823718849966
5.65486545668972          3.1415929694139946
2.101991157367692         3.8075236491729795e-9
13.432717163544005        4.201819364537636
2.101991149309065         6.2831853099288715
2.122983708509429         4.201823891650871
9.186749098994305         4.201822772241687
2.1019911572745924        6.283185300015857
9.186751099427735         2.081353668708403
2.122979682074662         2.0813616372447807
9.186749700268088         2.081361724210435
2.122983814704035         4.201823639268674
-2.1229838320465704       2.0813617316438373
9.186749737557419         2.0813617042577994
2.1019912330227193        6.283186129135828
9.186750662238511         4.20182521840978
13.43271725051409         4.201823104363947
9.207742336739248         9.51122488004831e-9
9.207742402200187         6.283185347570821
9.186749694304043         4.201823577126904
2.101987572236934         -2.1052149811144746e-6
9.186750790154344         2.081361728124969
9.18674825802378          2.0813629287597633
2.1229838485951795        2.081361261429649
5.654868678734477         3.1415949763079687
9.186749730677125         4.201823565188825
2.1229833551189374        2.0813612910031902
2.1019916356879724        -1.0066433087474284e-6
9.186749999668015         4.201823493039938
-1.3328886723749323e-10   4.726389823484706
2.122984002514553         4.201823497845438
2.1229920159105786        2.0813655300762997
2.1229836551891           -2.081361975296662
9.186753843778117         4.201824349703659
2.101993465705527         -6.283186084666684
5.65486702948795          3.141592430348969
9.207742447708034         3.6990125481760463e-8
9.207740525135376         6.283184741851903
2.1229838299885757        4.201823606278258
9.186749735791821         2.0813617226100534
9.186749748876192         4.201823607734398
2.1229839452151396        2.081367425565303
9.186749655793495         4.201823729426926
5.6548667737657325        3.14159265672278
9.18674971406013          2.0813617256814467
2.1229840355662835        4.20182329840828
9.186744785652326         2.0813576334051214
-2.1229838722768126       4.2018234788925986
9.1867520495206           2.0813568262698805
9.18674972317778          2.081361731880713
5.654868332872953         3.141592520268285
5.654866777265643         3.141592657779574
9.186749727269042         4.201823584011471
5.654866778205416         3.1415926525955897
9.186749373303883         2.0813615492845443
9.186748457118066         4.201823280697293
9.207742420827142         6.283185476185916
5.654866788404116         3.1415926619327377
2.1229838427252625        2.0813617451585413
2.1229838296110093        2.0813617509155713
2.12298369274501          4.201823534616096
9.207742661531235         6.28318384714125
2.122979523963864         4.201830161760517
9.207742348990223         6.2831852977736204
9.186749722855808         2.0813617171988796
9.18674568644617          2.081360771375729
5.654866722738226         3.141592595147541
9.186749674429127         2.0813618874375606
9.186749705836178         2.08136169611482
2.1229837739035173        2.0813617394246218
9.18674970651577          2.0813616809910167
