1.81440512897022          4.213961256682733
4.712388983569113         3.1415926541361645
7.610372815597418         4.213961273203667
1.7763629953984352        8.365030203181378e-9
7.610372948532789         2.0692238745026046
7.610370986702987         2.0692199665467546
1.814405136709377         2.0692240656749057
7.61037241540474          4.2139609473682516
7.610372824594663         4.213961254723236
7.648415214022209         -7.300560317565743e-7
-2.2267575811142882e-9    4.748306689482703
1.8144054366468556        4.213961645469417
1.8144051417512266        2.069224048300102
7.610373229028509         2.069223944718357
7.610372829816913         2.0692240631625283
1.8144063054382957        10.497142098511864
1.8144051389801767        4.213961264393441
-8.880021414255992e-8     4.748306646549236
1.8144049245143417        4.213961963211422
4.712385582700179         3.141594679319918
7.610372778016322         2.06922405993934
1.8144051539648511        4.213961307605915
4.71238898185018          3.141592674618422
7.610372822128539         2.069224040588227
7.610372120222683         4.213963809816544
1.8144051393374259        4.213961267156915
1.8144051370419774        2.0692240502036725
1.8144031484511152        4.213964253118039
1.8144054043684217        4.213960304153975
1.814402543527096         4.213956180494878
7.610372821667821         2.069224045606338
1.8144077096401394        4.213964739491126
1.7763629941744674        9.497824646725134e-9
-1.2604472946671779e-10   1.534878613798365
4.712388987040796         3.141592657284958
1.8144051242041934        2.06922403074046
1.8144051289078895        2.0692241822622313
1.8144051483814716        2.0692240430743976
1.8144051142314168        -4.213961202040331
1.7763625331324164        6.283185063084856
1.814408292317512         2.0692279621384206
7.610372828402589         2.0692240626645737
7.61037335101833          4.213960727915009
7.6103738892355315        2.069223356862556
1.8144051335522011        2.0692240573224616
1.8144046485826721        2.0692240537838686
4.712388980417631         3.1415926536121166
1.8144008088280783        2.06922634725333
7.648414938228959         6.283185265826583
7.610372808106675         2.0692240448340713
7.610373199119198         4.213961556917933
4.71238897342902          3.1415926520373625
4.712388702605416         3.14159236785018
1.8144037577605852        2.0692272175546256
1.7763629421546563        -1.0346965362667516e-6
7.6103728025795485        2.069223979471996
7.610372779213141         2.069224064732721
7.610372114780187         2.069224749506539
7.610373265927981         2.0692204515659256
7.61037689679483          4.213960934830292
1.8144051251971223        2.0692240199194174
1.8144090091211946        2.0692245291337903
1.8144051362129752        4.213961259817659
4.712388976988227         3.141592649833572
4.712389263568908         3.14159288865321
9.424777997725018         1.5348785731224426
7.61037301703538          2.0692238380017076
7.6103724814269995        2.0692240981090597
1.814404915108638         4.21396080101685
4.712386989954606         3.1415931020874366
7.610372822283653         4.213961262489084
1.8144101230428082        2.0692209413401583
7.610372855920991         -2.0692241313345674
7.648413356727051         6.283183688465978
7.610372870491431         4.21396114925962
7.610371577407728         4.21395803112313
7.648414966454105         6.283185303746134
4.7123891081627           3.1415925140021055
7.610372948239398         4.213962290617654
1.8144050332570822        4.2139614721599665
1.814405060733138         2.0692229795458412
4.712388985570109         3.141592642993669
7.648414968273742         6.283185286438566
7.610372905143742         4.213961263737915
4.712388983055619         3.1415926322575545
7.610372288372271         4.213960515909969
4.712388978012409         3.141592645566055
-1.8144034087131857       -2.069223306013215
1.8144051166405337        2.0692240643520243
-1.8144072803613576       2.0692251522005805
7.648416739107077         1.4347559591675247e-6
4.712388403871527         3.1415932705605387
1.814400561549594         2.069227910206783
7.610377722774896         2.069220673124552
7.610372817192669         2.0692240440059413
7.610372771732709         2.0692240509683355
4.712383007690572         3.141594319798086
7.610372997876681         2.0692240031117177
1.8144049800792694        2.0692238961690266
1.81440507431306          4.213959145802491
4.71238953159736          3.141591437812944
1.7763627672936375        6.283184784378952
4.712389363397468         3.141592790449577
7.610372776993481         2.0692240397662482
-4.117194304316846e-7     4.748306981174527
7.6484149597374556        4.262679911070269e-9
4.71238896741491          3.141592656897759
7.6103728212884185        2.0692244655915886
7.610372822182205         2.0692240423955903
7.610372880253262         4.213961390836966
1.8144048322240585        -4.21396004936958
1.814405142715327         4.213961262965448
7.648413351610636         6.283187027363554
1.8144047791151063        2.0692239413628872
1.8144051294719532        4.213961270427415
9.424778097926861         1.5348785139794103
1.814405131953483         2.069224041410913
1.776363026897768         6.283185400387063
1.776363312818066         8.567692599786402e-7
7.610372384896616         4.213961852869378
7.610371919447437         2.0692190235387744
7.648415962358656         6.283185408996018
7.610372803748303         2.0692240965219164
7.6103728616173205        4.213961256073706
1.8144068473810275        4.213958795749735
14.137166941119098        3.1415926534720207
7.6103723524569205        4.213962411409407
7.610372812872225         4.213961261856871
7.648414974788215         6.283185306363392
7.610372953066942         2.0692242367204696
4.712388981835362         3.1415926520840802
7.610373178332474         4.213961287002774
-11.23918165737592        -14.635595676573487
4.712389425005659         3.1415928561140336
1.8144053558937523        2.0692239168337543
1.8144016003738792        2.069224460399672
4.7123890124071135        3.141592669119793
1.8144051358299578        4.213961271103714
1.8144051849858578        4.213961260980422
7.610372356199881         4.2139616294932605
1.8144051479500094        2.0692242232297064
7.610372846179877         2.0692240329761638
7.610372829921906         2.0692239803750656
7.610372786929131         2.069224082190138
4.712389959917498         3.141593830829252
4.71238898074554          3.1415926536791194
4.71238897991283          3.141592653622992
4.712389065256232         3.1415926369066267
7.6484149657701135        5.348775726484428e-8
1.8144054637440885        -2.0692240294280686
1.8144051421172502        2.0692240484515656
1.8144046394934628        4.213962269316784
11.239184709050694        2.06922749880292
7.610372840831988         4.213961264121624
4.712387853053741         3.1415919328543302
4.712388980117446         3.1415926548433033
4.712391577831612         3.141592000446474
1.8144050292156773        4.213961384062019
7.6103728223425575        4.213961271818052
7.610373121093065         10.49714650057066
1.7763629639552005        3.401258764908223e-8
7.610372820497469         2.069224049123883
7.648415454748363         5.027625781170295e-7
7.6103728707543885        2.069224002686851
7.6484148247137815        4.247438955746509e-7
11.23918631005784         8.352411776867834
7.6103728191620945        2.0692240415451284
4.712388980652127         3.1415926538705965
4.712388980105101         3.14159265349082
1.8144051297284194        2.0692240312730092
1.8144039158954723        4.213959406459708
1.7763630288549328        -1.5902877434324916e-8
7.61037150745901          4.213960476869475
7.610372803533534         2.0692240631542003
4.71238857007097          3.1415922668592318
1.8144051599551745        2.0692239927102656
4.712389046306829         3.141592876154728
7.610372884829433         2.069224331792206
4.7123887196847365        3.141592372642125
7.610372825249904         2.069224030278625
7.61037283335088          4.2139612831387305
1.8144051473218339        2.0692240291300257
1.8144051260038665        2.0692240538595894
1.814401740111792         2.0692228574567704
7.6103728176303695        4.213961262782501
1.8144051393197722        4.21396141214083
1.8144051474034433        4.2139612465213245
1.814405138135859         4.213961270793659
4.712388974328646         3.141592647409374
7.610373800734288         4.213960593789393
9.424777961015856         1.5348786125847211
7.610372804186125         4.213961616246072
1.814405146219667         4.213961232785986
1.776362214327139         6.283187293615321
7.610372824303886         2.069224044989306
7.648414965071475         6.283185307469056
11.239183086384157        2.0692240465929346
1.8144014791582133        4.213963159363946
1.8144051243925639        4.213961238658848
4.712388979945096         3.1415926535502896
7.610373309957856         2.0692240910464177
1.8144053869091605        2.0692239686239353
1.8144047902732259        2.069223927715839
1.814405151253734         2.0692240342502473
7.610373004225252         4.213960976434243
4.712388982845519         9.424777960524839
1.814405707688968         2.069223827774099
7.610372851735022         2.0692240604269325
1.814405153235912         2.0692238898846336
7.610372656773275         2.069224323125889
1.814405055360458         2.069224053900714
7.610375029684185         2.0692213996237303
1.8144051506580037        4.213961406836659
1.814404982574763         2.0692239412716855
1.8144051421867784        4.213961041162955
1.814405135754485         4.213961263939179
9.42477796031756          1.53487861399818
1.7763622888096757        6.283184002847211
7.6103747737209355        4.213960375893632
7.610372643649945         4.213961341217218
7.610372226073959         4.213960826950198
7.610372810671892         4.213961166763313
7.61037441631271          4.213962095247453
4.712388977687614         3.1415926506720404
7.610372478432787         4.213962417423863
4.712388800467363         3.1415925450912936
7.610372856972876         2.069224039310455
-1.814404849853786        8.352409594787668
7.6103728217625655        4.213961256175876
11.23918300188416         -10.49714650834803
1.8144051415843252        -2.0692240476079187
1.8144050949092076        2.0692241042205586
-1.8144052479765314       2.0692245983830313
7.610372805074276         4.213961268718858
7.610370511096213         4.213963518449722
7.610372820135697         2.06922404551897
4.712388979901072         3.141592651329997
7.610372811032837         2.06922404891262
4.712388980598469         3.1415926535567373
7.610372910094339         4.213961372485313
4.712388791028012         3.141593327591196
1.814405165095607         2.069224057527213
1.8144051365706708        2.069224043017796
4.712388980719862         3.141592655857737
4.712388790452498         3.141592610490217
1.8144051065156293        4.2139612537282
1.8144051360987465        4.213961258246585
1.8144008014619037        2.0692238904626423
1.814404993389935         4.213961688282895
7.648414692049145         6.28318787474821
7.610372717626321         4.213960682043815
4.712388980944284         3.1415926541087233
1.8144051390494988        2.0692240457321622
7.610372817788063         2.069224099997784
4.712389676451396         -3.1415924474425063
7.610372811286852         4.21396126106542
7.6103729400034466        4.2139613979527235
7.61037279578798          4.21396118386227
